pt range	chiso range	DataNumber	FakeNumber	TrueNumber	fitFake_number	fitTrue_number	closureFake_test	closureTrue_test
#######################################################################################
20 <pt<25 	3<chiso range<8 	57.7747	34.8182	22.938	35.7515	21.8424	0.185411	0.110778
20 <pt<25 	3<chiso range<9 	57.7747	34.8182	22.938	34.5884	22.8882	0.0472508	0.00510097
20 <pt<25 	3<chiso range<10 	57.7747	34.8182	22.938	34.4887	23.0656	0.0678489	0.0130664
20 <pt<25 	3<chiso range<11 	57.7747	34.8182	22.938	31.8379	25.6952	0.664005	0.289615
20 <pt<25 	3<chiso range<12 	57.7747	34.8182	22.938	30.5398	26.9664	0.993526	0.428531
20 <pt<25 	3<chiso range<13 	57.7747	34.8182	22.938	29.2577	28.1614	1.34921	0.563229
20 <pt<25 	4<chiso range<9 	57.7747	34.8182	22.938	35.2184	22.5847	0.0803689	0.035779
20 <pt<25 	4<chiso range<10 	57.7747	34.8182	22.938	35.0196	22.8479	0.0406234	0.00913261
20 <pt<25 	4<chiso range<11 	57.7747	34.8182	22.938	31.8256	25.9692	0.663821	0.317081
20 <pt<25 	4<chiso range<12 	57.7747	34.8182	22.938	30.3281	27.4016	1.04559	0.474065
20 <pt<25 	4<chiso range<13 	57.7747	34.8182	22.938	28.8431	28.7256	1.4664	0.624957
20 <pt<25 	5<chiso range<10 	57.7747	34.8182	22.938	35.0476	23.4871	0.0456538	0.0550081
20 <pt<25 	5<chiso range<11 	57.7747	34.8182	22.938	30.9683	27.3323	0.868883	0.459475
20 <pt<25 	5<chiso range<12 	57.7747	34.8182	22.938	29.2112	28.8865	1.34547	0.634459
20 <pt<25 	5<chiso range<13 	57.7747	34.8182	22.938	27.5271	30.3935	1.86137	0.810318
20 <pt<25 	6<chiso range<11 	57.7747	34.8182	22.938	31.15	27.6576	0.815226	0.488478
20 <pt<25 	6<chiso range<12 	57.7747	34.8182	22.938	28.9513	29.5116	1.41041	0.698576
20 <pt<25 	6<chiso range<13 	57.7747	34.8182	22.938	26.9202	31.2797	2.05021	0.907552
20 <pt<25 	7<chiso range<12 	57.7747	34.8182	22.938	26.0738	31.9746	2.34981	0.993608
20 <pt<25 	7<chiso range<13 	57.7747	34.8182	22.938	23.9949	33.809	3.17263	1.22341
20 <pt<25 	8<chiso range<13 	57.7747	34.8182	22.938	20.1465	37.0222	5.17798	1.65773
#######################################################################################
25 <pt<30 	3<chiso range<8 	31.8152	16.8892	14.9259	15.2537	16.5225	0.486869	0.227174
25 <pt<30 	3<chiso range<9 	31.8152	16.8892	14.9259	15.1466	16.5022	0.525258	0.225822
25 <pt<30 	3<chiso range<10 	31.8152	16.8892	14.9259	15.591	15.9706	0.381855	0.14888
25 <pt<30 	3<chiso range<11 	31.8152	16.8892	14.9259	15.3574	16.2797	0.455755	0.193247
25 <pt<30 	3<chiso range<12 	31.8152	16.8892	14.9259	14.543	16.9708	0.74014	0.297784
25 <pt<30 	3<chiso range<13 	31.8152	16.8892	14.9259	14.0119	17.3918	0.945933	0.364206
25 <pt<30 	4<chiso range<9 	31.8152	16.8892	14.9259	14.0929	17.7142	0.898176	0.40513
25 <pt<30 	4<chiso range<10 	31.8152	16.8892	14.9259	14.8064	16.8623	0.641238	0.278949
25 <pt<30 	4<chiso range<11 	31.8152	16.8892	14.9259	14.6009	17.1529	0.711589	0.321079
25 <pt<30 	4<chiso range<12 	31.8152	16.8892	14.9259	13.7272	17.8573	1.05225	0.432316
25 <pt<30 	4<chiso range<13 	31.8152	16.8892	14.9259	13.1649	18.2806	1.29926	0.502552
25 <pt<30 	5<chiso range<10 	31.8152	16.8892	14.9259	15.1679	16.3427	0.521262	0.203947
25 <pt<30 	5<chiso range<11 	31.8152	16.8892	14.9259	14.8802	16.7462	0.616776	0.262337
25 <pt<30 	5<chiso range<12 	31.8152	16.8892	14.9259	13.8104	17.6475	1.02425	0.40268
25 <pt<30 	5<chiso range<13 	31.8152	16.8892	14.9259	13.1485	18.1695	1.31399	0.488409
25 <pt<30 	6<chiso range<11 	31.8152	16.8892	14.9259	14.558	17.437	0.718976	0.358888
25 <pt<30 	6<chiso range<12 	31.8152	16.8892	14.9259	13.382	18.3259	1.1896	0.502068
25 <pt<30 	6<chiso range<13 	31.8152	16.8892	14.9259	12.6729	18.8332	1.52233	0.589032
25 <pt<30 	7<chiso range<12 	31.8152	16.8892	14.9259	12.6376	18.9027	1.53714	0.599224
25 <pt<30 	7<chiso range<13 	31.8152	16.8892	14.9259	11.8918	19.4497	1.93531	0.696082
25 <pt<30 	8<chiso range<13 	31.8152	16.8892	14.9259	11.8949	19.0407	1.96828	0.642701
#######################################################################################
30 <pt<35 	3<chiso range<8 	19.2709	9.12377	10.15	7.88004	11.2364	0.568778	0.212171
30 <pt<35 	3<chiso range<9 	19.2709	9.12377	10.15	7.67569	11.4514	0.678916	0.25549
30 <pt<35 	3<chiso range<10 	19.2709	9.12377	10.15	7.54947	11.6248	0.747513	0.289684
30 <pt<35 	3<chiso range<11 	19.2709	9.12377	10.15	7.73943	11.5088	0.638053	0.264188
30 <pt<35 	3<chiso range<12 	19.2709	9.12377	10.15	7.57323	11.7299	0.726936	0.307541
30 <pt<35 	3<chiso range<13 	19.2709	9.12377	10.15	7.41965	11.7866	0.821013	0.321983
30 <pt<35 	4<chiso range<9 	19.2709	9.12377	10.15	7.19612	12.063	0.953169	0.377487
30 <pt<35 	4<chiso range<10 	19.2709	9.12377	10.15	7.09078	12.2188	1.01603	0.408145
30 <pt<35 	4<chiso range<11 	19.2709	9.12377	10.15	7.35297	12.0466	0.848389	0.369293
30 <pt<35 	4<chiso range<12 	19.2709	9.12377	10.15	7.18195	12.2787	0.947594	0.41492
30 <pt<35 	4<chiso range<13 	19.2709	9.12377	10.15	7.03939	12.2799	1.04839	0.420544
30 <pt<35 	5<chiso range<10 	19.2709	9.12377	10.15	7.39822	12.0599	0.818199	0.370058
30 <pt<35 	5<chiso range<11 	19.2709	9.12377	10.15	7.68381	11.8854	0.652537	0.331159
30 <pt<35 	5<chiso range<12 	19.2709	9.12377	10.15	7.43577	12.2004	0.785833	0.39248
30 <pt<35 	5<chiso range<13 	19.2709	9.12377	10.15	7.25397	12.1745	0.905827	0.394615
30 <pt<35 	6<chiso range<11 	19.2709	9.12377	10.15	7.34519	12.5218	0.823516	0.448927
30 <pt<35 	6<chiso range<12 	19.2709	9.12377	10.15	7.07992	12.8455	0.97654	0.51239
30 <pt<35 	6<chiso range<13 	19.2709	9.12377	10.15	6.92918	12.6723	1.09739	0.490922
30 <pt<35 	7<chiso range<12 	19.2709	9.12377	10.15	6.39872	13.2979	1.46283	0.618516
30 <pt<35 	7<chiso range<13 	19.2709	9.12377	10.15	6.27156	13.1199	1.59789	0.596343
30 <pt<35 	8<chiso range<13 	19.2709	9.12377	10.15	6.62208	12.7637	1.32927	0.519976
#######################################################################################
35 <pt<50 	3<chiso range<8 	25.9743	9.04399	16.9258	6.63513	18.8673	1.21054	0.349887
35 <pt<50 	3<chiso range<9 	25.9743	9.04399	16.9258	6.67599	18.801	1.18539	0.338097
35 <pt<50 	3<chiso range<10 	25.9743	9.04399	16.9258	6.33322	19.1115	1.43238	0.397909
35 <pt<50 	3<chiso range<11 	25.9743	9.04399	16.9258	6.19706	19.2304	1.53872	0.421278
35 <pt<50 	3<chiso range<12 	25.9743	9.04399	16.9258	6.67911	18.8109	1.18213	0.339645
35 <pt<50 	3<chiso range<13 	25.9743	9.04399	16.9258	6.54016	18.9221	1.28052	0.361399
35 <pt<50 	4<chiso range<9 	25.9743	9.04399	16.9258	6.78984	18.6758	1.11086	0.314875
35 <pt<50 	4<chiso range<10 	25.9743	9.04399	16.9258	6.34889	19.0803	1.42273	0.392471
35 <pt<50 	4<chiso range<11 	25.9743	9.04399	16.9258	6.18277	19.2281	1.55228	0.421423
35 <pt<50 	4<chiso range<12 	25.9743	9.04399	16.9258	6.75795	18.7275	1.13004	0.324089
35 <pt<50 	4<chiso range<13 	25.9743	9.04399	16.9258	6.5892	18.864	1.24738	0.350693
35 <pt<50 	5<chiso range<10 	25.9743	9.04399	16.9258	6.04913	19.3516	1.66051	0.445506
35 <pt<50 	5<chiso range<11 	25.9743	9.04399	16.9258	5.89973	19.5081	1.78934	0.475915
35 <pt<50 	5<chiso range<12 	25.9743	9.04399	16.9258	6.60099	18.8767	1.23673	0.352424
35 <pt<50 	5<chiso range<13 	25.9743	9.04399	16.9258	6.41303	19.0264	1.37429	0.38191
35 <pt<50 	6<chiso range<11 	25.9743	9.04399	16.9258	5.94018	19.4896	1.7513	0.471534
35 <pt<50 	6<chiso range<12 	25.9743	9.04399	16.9258	6.77571	18.7432	1.1153	0.326171
35 <pt<50 	6<chiso range<13 	25.9743	9.04399	16.9258	6.53986	18.929	1.28016	0.362554
35 <pt<50 	7<chiso range<12 	25.9743	9.04399	16.9258	6.89093	18.6804	1.03695	0.313175
35 <pt<50 	7<chiso range<13 	25.9743	9.04399	16.9258	6.59292	18.9062	1.24028	0.357454
35 <pt<50 	8<chiso range<13 	25.9743	9.04399	16.9258	6.39319	19.0103	1.3931	0.379926
#######################################################################################
50 <pt<60 	3<chiso range<8 	9.2172	3.54514	5.67207	2.20071	7.00622	1.0387	0.410587
50 <pt<60 	3<chiso range<9 	9.2172	3.54514	5.67207	1.91449	7.2577	1.45513	0.501196
50 <pt<60 	3<chiso range<10 	9.2172	3.54514	5.67207	1.93875	7.22623	1.41947	0.490956
50 <pt<60 	3<chiso range<11 	9.2172	3.54514	5.67207	1.92279	7.21296	1.45815	0.489562
50 <pt<60 	3<chiso range<12 	9.2172	3.54514	5.67207	1.87787	7.2518	1.53573	0.503946
50 <pt<60 	3<chiso range<13 	9.2172	3.54514	5.67207	2.0128	7.1021	1.32668	0.453
50 <pt<60 	4<chiso range<9 	9.2172	3.54514	5.67207	1.79147	7.37307	1.67727	0.543265
50 <pt<60 	4<chiso range<10 	9.2172	3.54514	5.67207	1.83771	7.3077	1.5978	0.521943
50 <pt<60 	4<chiso range<11 	9.2172	3.54514	5.67207	1.83302	7.2858	1.61945	0.517243
50 <pt<60 	4<chiso range<12 	9.2172	3.54514	5.67207	1.78608	7.34186	1.7064	0.536439
50 <pt<60 	4<chiso range<13 	9.2172	3.54514	5.67207	1.9403	7.16088	1.44531	0.475053
50 <pt<60 	5<chiso range<10 	9.2172	3.54514	5.67207	1.96794	7.17218	1.38452	0.474769
50 <pt<60 	5<chiso range<11 	9.2172	3.54514	5.67207	1.93896	7.17071	1.44368	0.477583
50 <pt<60 	5<chiso range<12 	9.2172	3.54514	5.67207	1.87861	7.22698	1.54596	0.497883
50 <pt<60 	5<chiso range<13 	9.2172	3.54514	5.67207	2.04877	7.04192	1.28324	0.434567
50 <pt<60 	6<chiso range<11 	9.2172	3.54514	5.67207	1.75122	7.40195	1.76033	0.554973
50 <pt<60 	6<chiso range<12 	9.2172	3.54514	5.67207	1.70773	7.43727	1.85243	0.568675
50 <pt<60 	6<chiso range<13 	9.2172	3.54514	5.67207	1.91972	7.18875	1.47555	0.484064
50 <pt<60 	7<chiso range<12 	9.2172	3.54514	5.67207	1.69286	7.44176	1.88945	0.571568
50 <pt<60 	7<chiso range<13 	9.2172	3.54514	5.67207	1.94038	7.15643	1.44712	0.473962
50 <pt<60 	8<chiso range<13 	9.2172	3.54514	5.67207	1.77615	7.2656	1.76615	0.518867
#######################################################################################
60 <pt<400 	3<chiso range<8 	16.7669	3.1038	13.666	3.70032	13.1623	0.281417	0.109837
60 <pt<400 	3<chiso range<9 	16.7669	3.1038	13.666	3.19731	13.6213	0.0514716	0.0100964
60 <pt<400 	3<chiso range<10 	16.7669	3.1038	13.666	3.06485	13.7284	0.0224998	0.0142429
60 <pt<400 	3<chiso range<11 	16.7669	3.1038	13.666	3.10501	13.6903	0.000689812	0.00553304
60 <pt<400 	3<chiso range<12 	16.7669	3.1038	13.666	3.0733	13.7188	0.0175774	0.0120479
60 <pt<400 	3<chiso range<13 	16.7669	3.1038	13.666	3.28761	13.511	0.0990633	0.0349256
60 <pt<400 	4<chiso range<9 	16.7669	3.1038	13.666	2.47346	14.3144	0.447882	0.152638
60 <pt<400 	4<chiso range<10 	16.7669	3.1038	13.666	2.49057	14.277	0.435465	0.144032
60 <pt<400 	4<chiso range<11 	16.7669	3.1038	13.666	2.59942	14.175	0.343165	0.119265
60 <pt<400 	4<chiso range<12 	16.7669	3.1038	13.666	2.63587	14.1383	0.314184	0.11047
60 <pt<400 	4<chiso range<13 	16.7669	3.1038	13.666	2.88614	13.8992	0.133531	0.0537863
60 <pt<400 	5<chiso range<10 	16.7669	3.1038	13.666	2.78326	14.013	0.202979	0.0803572
60 <pt<400 	5<chiso range<11 	16.7669	3.1038	13.666	2.8721	13.9271	0.142238	0.0601657
60 <pt<400 	5<chiso range<12 	16.7669	3.1038	13.666	2.87097	13.9234	0.143187	0.0593509
60 <pt<400 	5<chiso range<13 	16.7669	3.1038	13.666	3.14145	13.6621	0.0211732	0.000885339
60 <pt<400 	6<chiso range<11 	16.7669	3.1038	13.666	2.58128	14.1805	0.359212	0.120829
60 <pt<400 	6<chiso range<12 	16.7669	3.1038	13.666	2.62977	14.1339	0.31996	0.109603
60 <pt<400 	6<chiso range<13 	16.7669	3.1038	13.666	2.9378	13.8396	0.100342	0.0399697
60 <pt<400 	7<chiso range<12 	16.7669	3.1038	13.666	2.9339	13.8367	0.103037	0.039343
60 <pt<400 	7<chiso range<13 	16.7669	3.1038	13.666	3.26095	13.5211	0.0857759	0.0327692
60 <pt<400 	8<chiso range<13 	16.7669	3.1038	13.666	2.89816	13.8704	0.126266	0.047209
#######################################################################################
