pt range	chiso range	DataNumber	FakeNumber	TrueNumber	fitFake_number	fitTrue_number	closureFake_test	closureTrue_test
#######################################################################################
20 <pt<25 	3<chiso range<8 	351.391	94.3616	128.268	94.2829	113.025	0.0111461	0.94135
20 <pt<25 	3<chiso range<9 	351.391	94.3616	128.268	97.4158	109.975	0.418521	1.1215
20 <pt<25 	3<chiso range<10 	351.391	94.3616	128.268	99.8403	107.426	0.732563	1.27054
20 <pt<25 	3<chiso range<11 	351.391	94.3616	128.268	100.745	106.506	0.846021	1.32422
20 <pt<25 	3<chiso range<12 	351.391	94.3616	128.268	99.3199	107.787	0.666809	1.2506
20 <pt<25 	3<chiso range<13 	351.391	94.3616	128.268	98.2414	108.892	0.527324	1.18548
20 <pt<25 	4<chiso range<9 	351.391	94.3616	128.268	90.8536	116.625	0.515746	0.725122
20 <pt<25 	4<chiso range<10 	351.391	94.3616	128.268	94.5957	112.676	0.0330553	0.962612
20 <pt<25 	4<chiso range<11 	351.391	94.3616	128.268	96.1934	111.061	0.254398	1.05878
20 <pt<25 	4<chiso range<12 	351.391	94.3616	128.268	95.0404	112.029	0.095429	1.00162
20 <pt<25 	4<chiso range<13 	351.391	94.3616	128.268	94.2383	112.848	0.0174739	0.952169
20 <pt<25 	5<chiso range<10 	351.391	94.3616	128.268	95.0538	112.291	0.0972594	0.985395
20 <pt<25 	5<chiso range<11 	351.391	94.3616	128.268	96.9116	110.404	0.3515	1.09751
20 <pt<25 	5<chiso range<12 	351.391	94.3616	128.268	95.4758	111.606	0.155919	1.02667
20 <pt<25 	5<chiso range<13 	351.391	94.3616	128.268	94.4998	112.602	0.0195294	0.966679
20 <pt<25 	6<chiso range<11 	351.391	94.3616	128.268	94.9901	112.578	0.0885674	0.971758
20 <pt<25 	6<chiso range<12 	351.391	94.3616	128.268	93.61	113.494	0.107401	0.915859
20 <pt<25 	6<chiso range<13 	351.391	94.3616	128.268	92.7353	114.317	0.234356	0.865087
20 <pt<25 	7<chiso range<12 	351.391	94.3616	128.268	100.762	106.401	0.84801	1.33
20 <pt<25 	7<chiso range<13 	351.391	94.3616	128.268	98.447	108.808	0.553837	1.18946
20 <pt<25 	8<chiso range<13 	351.391	94.3616	128.268	103.61	103.588	1.19284	1.49363
#######################################################################################
25 <pt<30 	3<chiso range<8 	183.885	39.4134	73.837	42.8025	64.334	0.665107	0.81938
25 <pt<30 	3<chiso range<9 	183.885	39.4134	73.837	45.3406	61.8423	1.09781	1.02112
25 <pt<30 	3<chiso range<10 	183.885	39.4134	73.837	44.4355	62.7505	0.949181	0.948212
25 <pt<30 	3<chiso range<11 	183.885	39.4134	73.837	46.0367	61.1203	1.2087	1.07925
25 <pt<30 	3<chiso range<12 	183.885	39.4134	73.837	47.7716	59.4576	1.46813	1.20794
25 <pt<30 	3<chiso range<13 	183.885	39.4134	73.837	46.6088	60.6495	1.29474	1.11385
25 <pt<30 	4<chiso range<9 	183.885	39.4134	73.837	43.0684	64.0032	0.713377	0.847354
25 <pt<30 	4<chiso range<10 	183.885	39.4134	73.837	42.3893	64.683	0.590022	0.791198
25 <pt<30 	4<chiso range<11 	183.885	39.4134	73.837	44.3946	62.6651	0.943338	0.956515
25 <pt<30 	4<chiso range<12 	183.885	39.4134	73.837	46.4406	60.7741	1.27105	1.10643
25 <pt<30 	4<chiso range<13 	183.885	39.4134	73.837	45.2904	61.9388	1.08914	1.01266
25 <pt<30 	5<chiso range<10 	183.885	39.4134	73.837	43.2239	63.8596	0.740852	0.858803
25 <pt<30 	5<chiso range<11 	183.885	39.4134	73.837	45.5717	61.4943	1.13616	1.05059
25 <pt<30 	5<chiso range<12 	183.885	39.4134	73.837	47.8952	59.368	1.48746	1.21657
25 <pt<30 	5<chiso range<13 	183.885	39.4134	73.837	46.3789	60.8919	1.26024	1.09552
25 <pt<30 	6<chiso range<11 	183.885	39.4134	73.837	46.5715	60.5529	1.29137	1.12424
25 <pt<30 	6<chiso range<12 	183.885	39.4134	73.837	49.2728	58.1061	1.67935	1.31246
25 <pt<30 	6<chiso range<13 	183.885	39.4134	73.837	47.2812	60.0859	1.39494	1.15732
25 <pt<30 	7<chiso range<12 	183.885	39.4134	73.837	52.6508	55.0055	2.10601	1.54099
25 <pt<30 	7<chiso range<13 	183.885	39.4134	73.837	49.6663	57.9146	1.72688	1.32099
25 <pt<30 	8<chiso range<13 	183.885	39.4134	73.837	51.9141	55.5845	2.01533	1.49652
#######################################################################################
30 <pt<40 	3<chiso range<8 	194.455	34.0129	84.2128	32.1845	81.2463	0.368461	0.250784
30 <pt<40 	3<chiso range<9 	194.455	34.0129	84.2128	33.3136	80.0986	0.136119	0.345531
30 <pt<40 	3<chiso range<10 	194.455	34.0129	84.2128	32.3056	81.0591	0.343192	0.266635
30 <pt<40 	3<chiso range<11 	194.455	34.0129	84.2128	33.8351	79.589	0.0340834	0.387149
30 <pt<40 	3<chiso range<12 	194.455	34.0129	84.2128	33.9224	79.4677	0.0173185	0.397329
30 <pt<40 	3<chiso range<13 	194.455	34.0129	84.2128	33.538	79.9045	0.0918022	0.361307
30 <pt<40 	4<chiso range<9 	194.455	34.0129	84.2128	32.6914	80.7128	0.262307	0.295095
30 <pt<40 	4<chiso range<10 	194.455	34.0129	84.2128	31.6195	81.7044	0.491926	0.213031
30 <pt<40 	4<chiso range<11 	194.455	34.0129	84.2128	33.4239	79.9594	0.114361	0.357176
30 <pt<40 	4<chiso range<12 	194.455	34.0129	84.2128	33.5669	79.7843	0.0863026	0.37178
30 <pt<40 	4<chiso range<13 	194.455	34.0129	84.2128	33.1705	80.2389	0.164714	0.334115
30 <pt<40 	5<chiso range<10 	194.455	34.0129	84.2128	29.635	83.7459	0.959111	0.0400769
30 <pt<40 	5<chiso range<11 	194.455	34.0129	84.2128	31.956	81.522	0.417195	0.227698
30 <pt<40 	5<chiso range<12 	194.455	34.0129	84.2128	32.3024	81.1225	0.343622	0.26119
30 <pt<40 	5<chiso range<13 	194.455	34.0129	84.2128	31.9914	81.5139	0.409395	0.228285
30 <pt<40 	6<chiso range<11 	194.455	34.0129	84.2128	30.978	82.5506	0.63479	0.141454
30 <pt<40 	6<chiso range<12 	194.455	34.0129	84.2128	31.53	81.928	0.510995	0.194014
30 <pt<40 	6<chiso range<13 	194.455	34.0129	84.2128	31.2603	82.2886	0.57033	0.163447
30 <pt<40 	7<chiso range<12 	194.455	34.0129	84.2128	34.6106	79.0011	0.111877	0.43424
30 <pt<40 	7<chiso range<13 	194.455	34.0129	84.2128	33.8125	79.876	0.0383094	0.362566
30 <pt<40 	8<chiso range<13 	194.455	34.0129	84.2128	35.3219	78.2024	0.24009	0.498292
#######################################################################################
40 <pt<50 	3<chiso range<8 	87.718	13.9291	44.948	15.42	41.9515	0.434014	0.35962
40 <pt<50 	3<chiso range<9 	87.718	13.9291	44.948	14.982	42.393	0.315412	0.308152
40 <pt<50 	3<chiso range<10 	87.718	13.9291	44.948	15.2902	42.1128	0.398865	0.340336
40 <pt<50 	3<chiso range<11 	87.718	13.9291	44.948	14.6037	42.7805	0.207173	0.262406
40 <pt<50 	3<chiso range<12 	87.718	13.9291	44.948	15.0627	42.3481	0.337239	0.312964
40 <pt<50 	3<chiso range<13 	87.718	13.9291	44.948	15.3335	42.0579	0.411104	0.347254
40 <pt<50 	4<chiso range<9 	87.718	13.9291	44.948	15.2444	42.1875	0.386021	0.331205
40 <pt<50 	4<chiso range<10 	87.718	13.9291	44.948	15.5529	41.9129	0.46645	0.362514
40 <pt<50 	4<chiso range<11 	87.718	13.9291	44.948	14.7389	42.6898	0.245836	0.272534
40 <pt<50 	4<chiso range<12 	87.718	13.9291	44.948	15.2398	42.2116	0.384481	0.328168
40 <pt<50 	4<chiso range<13 	87.718	13.9291	44.948	15.5426	41.8764	0.464961	0.36756
40 <pt<50 	5<chiso range<10 	87.718	13.9291	44.948	15.3566	42.0877	0.415673	0.342616
40 <pt<50 	5<chiso range<11 	87.718	13.9291	44.948	14.4374	42.9695	0.157681	0.239741
40 <pt<50 	5<chiso range<12 	87.718	13.9291	44.948	15.0508	42.3858	0.333431	0.308116
40 <pt<50 	5<chiso range<13 	87.718	13.9291	44.948	15.4	42.0049	0.428233	0.353045
40 <pt<50 	6<chiso range<11 	87.718	13.9291	44.948	15.2125	42.1771	0.378168	0.332985
40 <pt<50 	6<chiso range<12 	87.718	13.9291	44.948	15.8322	41.5932	0.538047	0.399875
40 <pt<50 	6<chiso range<13 	87.718	13.9291	44.948	16.2118	41.1756	0.631837	0.448459
40 <pt<50 	7<chiso range<12 	87.718	13.9291	44.948	14.4358	43.0245	0.156907	0.232835
40 <pt<50 	7<chiso range<13 	87.718	13.9291	44.948	14.9643	42.4571	0.310273	0.300466
40 <pt<50 	8<chiso range<13 	87.718	13.9291	44.948	15.2155	42.2099	0.379524	0.329605
#######################################################################################
50 <pt<65 	3<chiso range<8 	63.9335	8.28573	36.7534	7.28985	36.0681	0.421264	0.0977803
50 <pt<65 	3<chiso range<9 	63.9335	8.28573	36.7534	6.32913	37.0256	0.950535	0.0394572
50 <pt<65 	3<chiso range<10 	63.9335	8.28573	36.7534	6.40808	36.9411	0.901988	0.0271854
50 <pt<65 	3<chiso range<11 	63.9335	8.28573	36.7534	5.98177	37.4597	1.18053	0.102652
50 <pt<65 	3<chiso range<12 	63.9335	8.28573	36.7534	5.67748	37.7915	1.40413	0.151421
50 <pt<65 	3<chiso range<13 	63.9335	8.28573	36.7534	5.49973	37.9947	1.54441	0.181376
50 <pt<65 	4<chiso range<9 	63.9335	8.28573	36.7534	5.8763	37.5862	1.25406	0.121134
50 <pt<65 	4<chiso range<10 	63.9335	8.28573	36.7534	6.02402	37.4202	1.15079	0.0968526
50 <pt<65 	4<chiso range<11 	63.9335	8.28573	36.7534	5.60264	37.8858	1.461	0.165249
50 <pt<65 	4<chiso range<12 	63.9335	8.28573	36.7534	5.31082	38.2032	1.7042	0.212285
50 <pt<65 	4<chiso range<13 	63.9335	8.28573	36.7534	5.15042	38.3887	1.84743	0.239805
50 <pt<65 	5<chiso range<10 	63.9335	8.28573	36.7534	6.43178	36.8993	0.88872	0.0211352
50 <pt<65 	5<chiso range<11 	63.9335	8.28573	36.7534	5.83221	37.6106	1.28886	0.124849
50 <pt<65 	5<chiso range<12 	63.9335	8.28573	36.7534	5.44915	38.0308	1.5889	0.186868
50 <pt<65 	5<chiso range<13 	63.9335	8.28573	36.7534	5.24563	38.2649	1.76346	0.221545
50 <pt<65 	6<chiso range<11 	63.9335	8.28573	36.7534	5.37122	38.1076	1.65606	0.198332
50 <pt<65 	6<chiso range<12 	63.9335	8.28573	36.7534	4.98754	38.5353	2.00984	0.262011
50 <pt<65 	6<chiso range<13 	63.9335	8.28573	36.7534	4.80791	38.751	2.19085	0.294114
50 <pt<65 	7<chiso range<12 	63.9335	8.28573	36.7534	4.81585	38.7205	2.18848	0.289909
50 <pt<65 	7<chiso range<13 	63.9335	8.28573	36.7534	4.64156	38.9332	2.37555	0.321597
50 <pt<65 	8<chiso range<13 	63.9335	8.28573	36.7534	3.67447	39.9645	3.77174	0.478628
#######################################################################################
65 <pt<100 	3<chiso range<8 	46.0634	5.14353	31.7153	4.85496	31.4443	0.16564	0.0434482
65 <pt<100 	3<chiso range<9 	46.0634	5.14353	31.7153	5.04208	31.2848	0.0558812	0.0686869
65 <pt<100 	3<chiso range<10 	46.0634	5.14353	31.7153	4.76696	31.6587	0.217047	0.00904195
65 <pt<100 	3<chiso range<11 	46.0634	5.14353	31.7153	4.58284	31.8573	0.335528	0.0227488
65 <pt<100 	3<chiso range<12 	46.0634	5.14353	31.7153	4.52403	31.8737	0.377167	0.0254408
65 <pt<100 	3<chiso range<13 	46.0634	5.14353	31.7153	4.39445	31.9809	0.47043	0.042784
65 <pt<100 	4<chiso range<9 	46.0634	5.14353	31.7153	5.02501	31.3335	0.065274	0.0608548
65 <pt<100 	4<chiso range<10 	46.0634	5.14353	31.7153	4.70431	31.7715	0.254974	0.00896828
65 <pt<100 	4<chiso range<11 	46.0634	5.14353	31.7153	4.50175	31.9859	0.388706	0.0433244
65 <pt<100 	4<chiso range<12 	46.0634	5.14353	31.7153	4.44717	31.9831	0.429555	0.0430084
65 <pt<100 	4<chiso range<13 	46.0634	5.14353	31.7153	4.30736	32.0377	0.533953	0.0520631
65 <pt<100 	5<chiso range<10 	46.0634	5.14353	31.7153	4.48375	32.1055	0.396507	0.0622363
65 <pt<100 	5<chiso range<11 	46.0634	5.14353	31.7153	4.27718	32.3162	0.545619	0.0961863
65 <pt<100 	5<chiso range<12 	46.0634	5.14353	31.7153	4.24584	32.1904	0.575295	0.0765357
65 <pt<100 	5<chiso range<13 	46.0634	5.14353	31.7153	4.12389	32.3315	0.676226	0.0994038
65 <pt<100 	6<chiso range<11 	46.0634	5.14353	31.7153	4.14022	32.5002	0.650309	0.125826
65 <pt<100 	6<chiso range<12 	46.0634	5.14353	31.7153	4.13289	32.3838	0.664755	0.107619
65 <pt<100 	6<chiso range<13 	46.0634	5.14353	31.7153	4.00805	32.45	0.774506	0.118737
65 <pt<100 	7<chiso range<12 	46.0634	5.14353	31.7153	3.89498	32.6246	0.87101	0.14696
65 <pt<100 	7<chiso range<13 	46.0634	5.14353	31.7153	3.79181	32.6618	0.974873	0.153526
65 <pt<100 	8<chiso range<13 	46.0634	5.14353	31.7153	3.89122	32.6069	0.8769	0.144245
#######################################################################################
100 <pt<400 	3<chiso range<8 	24.7405	1.53868	19.0355	0.848136	19.2084	1.29843	0.040183
100 <pt<400 	3<chiso range<9 	24.7405	1.53868	19.0355	0.83312	19.2067	1.35467	0.0398202
100 <pt<400 	3<chiso range<10 	24.7405	1.53868	19.0355	1.12785	18.8825	0.588053	0.0353069
100 <pt<400 	3<chiso range<11 	24.7405	1.53868	19.0355	1.13593	18.8884	0.568434	0.0339024
100 <pt<400 	3<chiso range<12 	24.7405	1.53868	19.0355	1.07253	18.956	0.697794	0.018359
100 <pt<400 	3<chiso range<13 	24.7405	1.53868	19.0355	1.14197	18.8797	0.55735	0.0359061
100 <pt<400 	4<chiso range<9 	24.7405	1.53868	19.0355	0.793385	19.2403	1.50726	0.0477234
100 <pt<400 	4<chiso range<10 	24.7405	1.53868	19.0355	1.12401	18.8815	0.597617	0.0355626
100 <pt<400 	4<chiso range<11 	24.7405	1.53868	19.0355	1.1342	18.8861	0.573232	0.0344483
100 <pt<400 	4<chiso range<12 	24.7405	1.53868	19.0355	1.06508	18.9595	0.715687	0.0175627
100 <pt<400 	4<chiso range<13 	24.7405	1.53868	19.0355	1.14108	18.8773	0.560192	0.0364719
100 <pt<400 	5<chiso range<10 	24.7405	1.53868	19.0355	1.00949	18.988	0.85068	0.0110107
100 <pt<400 	5<chiso range<11 	24.7405	1.53868	19.0355	1.04196	18.9791	0.76656	0.0130378
100 <pt<400 	5<chiso range<12 	24.7405	1.53868	19.0355	0.973788	19.0413	0.934149	0.00134482
100 <pt<400 	5<chiso range<13 	24.7405	1.53868	19.0355	1.07169	18.9486	0.700691	0.0200709
100 <pt<400 	6<chiso range<11 	24.7405	1.53868	19.0355	1.21053	18.8218	0.435228	0.0491158
100 <pt<400 	6<chiso range<12 	24.7405	1.53868	19.0355	1.10409	18.9235	0.633507	0.0258549
100 <pt<400 	6<chiso range<13 	24.7405	1.53868	19.0355	1.20212	18.8011	0.450232	0.0540071
100 <pt<400 	7<chiso range<12 	24.7405	1.53868	19.0355	1.16862	18.8424	0.50929	0.0445345
100 <pt<400 	7<chiso range<13 	24.7405	1.53868	19.0355	1.26539	18.767	0.346318	0.0615669
100 <pt<400 	8<chiso range<13 	24.7405	1.53868	19.0355	1.55276	18.4519	0.0146526	0.132526
#######################################################################################
