pt range	chiso range	DataNumber	FakeNumber	TrueNumber	fitFake_number	fitTrue_number	closureFake_test	closureTrue_test
#######################################################################################
20 <pt<25 	3<chiso range<8 	219.928	83.1714	136.743	127.233	95.0094	3.55944	2.10724
20 <pt<25 	3<chiso range<9 	219.928	83.1714	136.743	125.056	97.0534	3.4446	2.0193
20 <pt<25 	3<chiso range<10 	219.928	83.1714	136.743	122.871	99.1789	3.32479	1.92607
20 <pt<25 	3<chiso range<11 	219.928	83.1714	136.743	121.082	100.965	3.22216	1.84557
20 <pt<25 	3<chiso range<12 	219.928	83.1714	136.743	119.468	102.539	3.12643	1.77333
20 <pt<25 	3<chiso range<13 	219.928	83.1714	136.743	116.284	105.723	2.93003	1.62501
20 <pt<25 	4<chiso range<9 	219.928	83.1714	136.743	120.055	101.977	3.16228	1.79981
20 <pt<25 	4<chiso range<10 	219.928	83.1714	136.743	118.187	103.726	3.0528	1.72149
20 <pt<25 	4<chiso range<11 	219.928	83.1714	136.743	116.724	105.206	2.96194	1.65235
20 <pt<25 	4<chiso range<12 	219.928	83.1714	136.743	115.513	106.461	2.88252	1.59137
20 <pt<25 	4<chiso range<13 	219.928	83.1714	136.743	112.367	109.61	2.67472	1.4404
20 <pt<25 	5<chiso range<10 	219.928	83.1714	136.743	115.878	106.055	2.90891	1.61276
20 <pt<25 	5<chiso range<11 	219.928	83.1714	136.743	114.483	107.471	2.81881	1.54549
20 <pt<25 	5<chiso range<12 	219.928	83.1714	136.743	113.372	108.62	2.74259	1.48841
20 <pt<25 	5<chiso range<13 	219.928	83.1714	136.743	110.027	111.966	2.51273	1.32546
20 <pt<25 	6<chiso range<11 	219.928	83.1714	136.743	113.344	108.666	2.74147	1.4867
20 <pt<25 	6<chiso range<12 	219.928	83.1714	136.743	112.172	109.885	2.65958	1.42577
20 <pt<25 	6<chiso range<13 	219.928	83.1714	136.743	108.397	113.651	2.39393	1.24086
20 <pt<25 	7<chiso range<12 	219.928	83.1714	136.743	109.613	112.399	2.48192	1.30316
20 <pt<25 	7<chiso range<13 	219.928	83.1714	136.743	105.557	116.449	2.1819	1.10056
20 <pt<25 	8<chiso range<13 	219.928	83.1714	136.743	103.918	117.949	2.05536	1.02493
#######################################################################################
25 <pt<30 	3<chiso range<8 	118.014	41.5009	76.5061	52.351	66.7092	1.3179	0.706139
25 <pt<30 	3<chiso range<9 	118.014	41.5009	76.5061	50.6595	68.4158	1.14897	0.589956
25 <pt<30 	3<chiso range<10 	118.014	41.5009	76.5061	49.9354	69.1421	1.07377	0.539891
25 <pt<30 	3<chiso range<11 	118.014	41.5009	76.5061	49.2443	69.8346	0.998996	0.491202
25 <pt<30 	3<chiso range<12 	118.014	41.5009	76.5061	48.6624	70.4179	0.934912	0.450088
25 <pt<30 	3<chiso range<13 	118.014	41.5009	76.5061	47.9043	71.2085	0.848528	0.393517
25 <pt<30 	4<chiso range<9 	118.014	41.5009	76.5061	49.3174	69.7382	1.0075	0.49827
25 <pt<30 	4<chiso range<10 	118.014	41.5009	76.5061	48.6793	70.3716	0.937461	0.453718
25 <pt<30 	4<chiso range<11 	118.014	41.5009	76.5061	48.0507	71.0097	0.865829	0.407993
25 <pt<30 	4<chiso range<12 	118.014	41.5009	76.5061	47.5315	71.5319	0.805839	0.370562
25 <pt<30 	4<chiso range<13 	118.014	41.5009	76.5061	46.7968	72.3027	0.718303	0.314616
25 <pt<30 	5<chiso range<10 	118.014	41.5009	76.5061	46.7528	72.2972	0.714233	0.315607
25 <pt<30 	5<chiso range<11 	118.014	41.5009	76.5061	46.3331	72.722	0.662505	0.284316
25 <pt<30 	5<chiso range<12 	118.014	41.5009	76.5061	45.9659	73.0948	0.617003	0.256952
25 <pt<30 	5<chiso range<13 	118.014	41.5009	76.5061	45.2723	73.8876	0.528885	0.198094
25 <pt<30 	6<chiso range<11 	118.014	41.5009	76.5061	47.1809	71.9786	0.762906	0.337515
25 <pt<30 	6<chiso range<12 	118.014	41.5009	76.5061	46.6115	72.5334	0.694995	0.2974
25 <pt<30 	6<chiso range<13 	118.014	41.5009	76.5061	45.7209	73.5232	0.584785	0.224577
25 <pt<30 	7<chiso range<12 	118.014	41.5009	76.5061	45.4061	73.7726	0.545451	0.206386
25 <pt<30 	7<chiso range<13 	118.014	41.5009	76.5061	44.5951	74.6163	0.439667	0.143417
25 <pt<30 	8<chiso range<13 	118.014	41.5009	76.5061	43.0793	76.1072	0.232192	0.030594
#######################################################################################
30 <pt<40 	3<chiso range<8 	118.551	33.9854	84.5524	40.5711	79.1829	0.87983	0.400285
30 <pt<40 	3<chiso range<9 	118.551	33.9854	84.5524	39.0631	80.7131	0.704016	0.289498
30 <pt<40 	3<chiso range<10 	118.551	33.9854	84.5524	38.6616	81.1313	0.654933	0.258759
30 <pt<40 	3<chiso range<11 	118.551	33.9854	84.5524	38.2718	81.5319	0.606541	0.229206
30 <pt<40 	3<chiso range<12 	118.551	33.9854	84.5524	37.7554	82.056	0.540715	0.190192
30 <pt<40 	3<chiso range<13 	118.551	33.9854	84.5524	37.0691	82.6792	0.450381	0.143511
30 <pt<40 	4<chiso range<9 	118.551	33.9854	84.5524	38.0758	81.7077	0.581714	0.216135
30 <pt<40 	4<chiso range<10 	118.551	33.9854	84.5524	37.7681	82.0329	0.54219	0.191863
30 <pt<40 	4<chiso range<11 	118.551	33.9854	84.5524	37.4758	82.2674	0.504221	0.174481
30 <pt<40 	4<chiso range<12 	118.551	33.9854	84.5524	36.9827	82.7608	0.438741	0.137335
30 <pt<40 	4<chiso range<13 	118.551	33.9854	84.5524	36.2539	83.4889	0.338715	0.0819868
30 <pt<40 	5<chiso range<10 	118.551	33.9854	84.5524	36.5467	83.2555	0.378607	0.0996152
30 <pt<40 	5<chiso range<11 	118.551	33.9854	84.5524	36.3559	83.4416	0.352433	0.0854882
30 <pt<40 	5<chiso range<12 	118.551	33.9854	84.5524	35.9318	83.8552	0.292843	0.053842
30 <pt<40 	5<chiso range<13 	118.551	33.9854	84.5524	35.2306	84.5461	0.191141	0.000489343
30 <pt<40 	6<chiso range<11 	118.551	33.9854	84.5524	35.7619	84.0583	0.268359	0.0381943
30 <pt<40 	6<chiso range<12 	118.551	33.9854	84.5524	35.3543	84.4516	0.209263	0.00781929
30 <pt<40 	6<chiso range<13 	118.551	33.9854	84.5524	34.6325	85.1579	0.101006	0.0472401
30 <pt<40 	7<chiso range<12 	118.551	33.9854	84.5524	34.8506	84.9366	0.134197	0.0299214
30 <pt<40 	7<chiso range<13 	118.551	33.9854	84.5524	34.0789	85.6927	0.0148338	0.0893484
30 <pt<40 	8<chiso range<13 	118.551	33.9854	84.5524	33.3294	86.4152	0.106482	0.146861
#######################################################################################
40 <pt<50 	3<chiso range<8 	58.4018	13.1377	45.2641	12.9172	45.6991	0.0531894	0.0499401
40 <pt<50 	3<chiso range<9 	58.4018	13.1377	45.2641	12.9163	45.6808	0.0534816	0.0478681
40 <pt<50 	3<chiso range<10 	58.4018	13.1377	45.2641	12.8258	45.755	0.0759208	0.0564948
40 <pt<50 	3<chiso range<11 	58.4018	13.1377	45.2641	12.7093	45.8658	0.105231	0.0693881
40 <pt<50 	3<chiso range<12 	58.4018	13.1377	45.2641	12.4957	46.0772	0.160403	0.094141
40 <pt<50 	3<chiso range<13 	58.4018	13.1377	45.2641	12.2358	46.347	0.229849	0.125902
40 <pt<50 	4<chiso range<9 	58.4018	13.1377	45.2641	12.7577	45.8321	0.0928875	0.0654108
40 <pt<50 	4<chiso range<10 	58.4018	13.1377	45.2641	12.6734	45.9001	0.114347	0.0733798
40 <pt<50 	4<chiso range<11 	58.4018	13.1377	45.2641	12.5565	46.0124	0.144476	0.0865201
40 <pt<50 	4<chiso range<12 	58.4018	13.1377	45.2641	12.3346	46.2318	0.203242	0.11235
40 <pt<50 	4<chiso range<13 	58.4018	13.1377	45.2641	12.0618	46.5159	0.278064	0.145963
40 <pt<50 	5<chiso range<10 	58.4018	13.1377	45.2641	13.2626	45.2937	0.0294506	0.00338108
40 <pt<50 	5<chiso range<11 	58.4018	13.1377	45.2641	13.0316	45.523	0.0254553	0.0296965
40 <pt<50 	5<chiso range<12 	58.4018	13.1377	45.2641	12.7007	45.8527	0.107555	0.067923
40 <pt<50 	5<chiso range<13 	58.4018	13.1377	45.2641	12.3389	46.2289	0.202028	0.111986
40 <pt<50 	6<chiso range<11 	58.4018	13.1377	45.2641	12.6573	45.8641	0.11895	0.0693792
40 <pt<50 	6<chiso range<12 	58.4018	13.1377	45.2641	12.3363	46.1879	0.203467	0.107415
40 <pt<50 	6<chiso range<13 	58.4018	13.1377	45.2641	11.9784	46.5639	0.302504	0.151967
40 <pt<50 	7<chiso range<12 	58.4018	13.1377	45.2641	11.8445	46.6742	0.34183	0.165381
40 <pt<50 	7<chiso range<13 	58.4018	13.1377	45.2641	11.5119	47.0273	0.441113	0.207793
40 <pt<50 	8<chiso range<13 	58.4018	13.1377	45.2641	11.4442	47.1029	0.461859	0.216894
#######################################################################################
50 <pt<65 	3<chiso range<8 	43.2796	6.98887	36.2908	7.40705	35.9173	0.135609	0.051836
50 <pt<65 	3<chiso range<9 	43.2796	6.98887	36.2908	7.44019	35.883	0.145753	0.0565522
50 <pt<65 	3<chiso range<10 	43.2796	6.98887	36.2908	7.24672	36.0573	0.0856317	0.0325732
50 <pt<65 	3<chiso range<11 	43.2796	6.98887	36.2908	6.97237	36.394	0.00569454	0.014466
50 <pt<65 	3<chiso range<12 	43.2796	6.98887	36.2908	6.73399	36.6351	0.0910003	0.0485311
50 <pt<65 	3<chiso range<13 	43.2796	6.98887	36.2908	6.7714	36.597	0.0772378	0.0431268
50 <pt<65 	4<chiso range<9 	43.2796	6.98887	36.2908	6.7841	36.5916	0.0725039	0.0423331
50 <pt<65 	4<chiso range<10 	43.2796	6.98887	36.2908	6.66634	36.6977	0.116439	0.0574746
50 <pt<65 	4<chiso range<11 	43.2796	6.98887	36.2908	6.43103	36.9334	0.208687	0.091273
50 <pt<65 	4<chiso range<12 	43.2796	6.98887	36.2908	6.23951	37.1268	0.288673	0.119241
50 <pt<65 	4<chiso range<13 	43.2796	6.98887	36.2908	6.32684	37.0401	0.251598	0.106669
50 <pt<65 	5<chiso range<10 	43.2796	6.98887	36.2908	6.59688	36.7638	0.143095	0.0669418
50 <pt<65 	5<chiso range<11 	43.2796	6.98887	36.2908	6.32714	37.0348	0.251726	0.105956
50 <pt<65 	5<chiso range<12 	43.2796	6.98887	36.2908	6.12089	37.2422	0.340934	0.136093
50 <pt<65 	5<chiso range<13 	43.2796	6.98887	36.2908	6.23357	37.1311	0.291418	0.119902
50 <pt<65 	6<chiso range<11 	43.2796	6.98887	36.2908	6.32949	37.0397	0.25063	0.106642
50 <pt<65 	6<chiso range<12 	43.2796	6.98887	36.2908	6.08666	37.2814	0.356129	0.141783
50 <pt<65 	6<chiso range<13 	43.2796	6.98887	36.2908	6.22078	37.1492	0.296823	0.122509
50 <pt<65 	7<chiso range<12 	43.2796	6.98887	36.2908	6.16746	37.2009	0.319951	0.130007
50 <pt<65 	7<chiso range<13 	43.2796	6.98887	36.2908	6.31947	37.0494	0.254639	0.108005
50 <pt<65 	8<chiso range<13 	43.2796	6.98887	36.2908	6.04827	37.3079	0.374319	0.1458
#######################################################################################
65 <pt<100 	3<chiso range<8 	35.8874	4.38286	31.5046	4.72178	31.3488	0.156197	0.0248421
65 <pt<100 	3<chiso range<9 	35.8874	4.38286	31.5046	4.47825	31.5951	0.0462259	0.0145137
65 <pt<100 	3<chiso range<10 	35.8874	4.38286	31.5046	4.40906	31.6547	0.0129089	0.0241243
65 <pt<100 	3<chiso range<11 	35.8874	4.38286	31.5046	4.34861	31.7086	0.0171116	0.0328468
65 <pt<100 	3<chiso range<12 	35.8874	4.38286	31.5046	4.11902	31.9589	0.13893	0.07349
65 <pt<100 	3<chiso range<13 	35.8874	4.38286	31.5046	4.01597	32.0689	0.197823	0.0914705
65 <pt<100 	4<chiso range<9 	35.8874	4.38286	31.5046	4.35056	31.7143	0.0161154	0.0337493
65 <pt<100 	4<chiso range<10 	35.8874	4.38286	31.5046	4.29074	31.7782	0.0466605	0.0440962
65 <pt<100 	4<chiso range<11 	35.8874	4.38286	31.5046	4.22794	31.8427	0.079589	0.0545668
65 <pt<100 	4<chiso range<12 	35.8874	4.38286	31.5046	3.99864	32.0768	0.208424	0.0928342
65 <pt<100 	4<chiso range<13 	35.8874	4.38286	31.5046	3.89904	32.1848	0.268672	0.110566
65 <pt<100 	5<chiso range<10 	35.8874	4.38286	31.5046	4.0624	32.0087	0.171334	0.0816933
65 <pt<100 	5<chiso range<11 	35.8874	4.38286	31.5046	4.02813	32.0443	0.191154	0.0875173
65 <pt<100 	5<chiso range<12 	35.8874	4.38286	31.5046	3.80063	32.2768	0.332035	0.125849
65 <pt<100 	5<chiso range<13 	35.8874	4.38286	31.5046	3.71625	32.3706	0.388022	0.14134
65 <pt<100 	6<chiso range<11 	35.8874	4.38286	31.5046	3.67648	32.3911	0.417127	0.144958
65 <pt<100 	6<chiso range<12 	35.8874	4.38286	31.5046	3.48441	32.5874	0.558894	0.177775
65 <pt<100 	6<chiso range<13 	35.8874	4.38286	31.5046	3.43912	32.6437	0.593517	0.1871
65 <pt<100 	7<chiso range<12 	35.8874	4.38286	31.5046	3.45764	32.6158	0.579839	0.18253
65 <pt<100 	7<chiso range<13 	35.8874	4.38286	31.5046	3.40888	32.6774	0.617553	0.192729
65 <pt<100 	8<chiso range<13 	35.8874	4.38286	31.5046	3.38502	32.7189	0.635045	0.199493
#######################################################################################
100 <pt<400 	3<chiso range<8 	20.6978	1.42556	19.2655	1.37214	19.327	0.0549243	0.0139347
100 <pt<400 	3<chiso range<9 	20.6978	1.42556	19.2655	1.24389	19.4517	0.206198	0.0424394
100 <pt<400 	3<chiso range<10 	20.6978	1.42556	19.2655	1.2317	19.4669	0.221914	0.0459239
100 <pt<400 	3<chiso range<11 	20.6978	1.42556	19.2655	1.27169	19.4188	0.171207	0.0349126
100 <pt<400 	3<chiso range<12 	20.6978	1.42556	19.2655	1.27687	19.4167	0.16459	0.0344212
100 <pt<400 	3<chiso range<13 	20.6978	1.42556	19.2655	1.30968	19.3824	0.125153	0.0265739
100 <pt<400 	4<chiso range<9 	20.6978	1.42556	19.2655	1.12072	19.5677	0.384632	0.0692728
100 <pt<400 	4<chiso range<10 	20.6978	1.42556	19.2655	1.12861	19.5646	0.371393	0.0685248
100 <pt<400 	4<chiso range<11 	20.6978	1.42556	19.2655	1.18815	19.4985	0.28311	0.0532662
100 <pt<400 	4<chiso range<12 	20.6978	1.42556	19.2655	1.20471	19.4856	0.259396	0.0502724
100 <pt<400 	4<chiso range<13 	20.6978	1.42556	19.2655	1.24913	19.4402	0.19997	0.0398239
100 <pt<400 	5<chiso range<10 	20.6978	1.42556	19.2655	1.20641	19.4967	0.255867	0.0527785
100 <pt<400 	5<chiso range<11 	20.6978	1.42556	19.2655	1.26468	19.4278	0.180122	0.0369782
100 <pt<400 	5<chiso range<12 	20.6978	1.42556	19.2655	1.27219	19.4231	0.170427	0.0358912
100 <pt<400 	5<chiso range<13 	20.6978	1.42556	19.2655	1.31407	19.3787	0.120042	0.02573
100 <pt<400 	6<chiso range<11 	20.6978	1.42556	19.2655	1.2885	19.3996	0.150923	0.0305326
100 <pt<400 	6<chiso range<12 	20.6978	1.42556	19.2655	1.29366	19.3989	0.14438	0.0303574
100 <pt<400 	6<chiso range<13 	20.6978	1.42556	19.2655	1.33808	19.352	0.0926408	0.0196435
100 <pt<400 	7<chiso range<12 	20.6978	1.42556	19.2655	1.25996	19.4355	0.185903	0.0387361
100 <pt<400 	7<chiso range<13 	20.6978	1.42556	19.2655	1.31827	19.3729	0.115227	0.0244091
100 <pt<400 	8<chiso range<13 	20.6978	1.42556	19.2655	1.25633	19.4311	0.190925	0.0377444
#######################################################################################
