pt range	chiso range	DataNumber	FakeNumber	TrueNumber	fitFake_number	fitTrue_number	closureFake_test	closureTrue_test
#######################################################################################
20 <pt<25 	3<chiso range<8 	221.731	93.0445	128.663	102.461	101.165	1.13041	1.6118
20 <pt<25 	3<chiso range<9 	221.731	93.0445	128.663	105.416	98.4927	1.44166	1.7517
20 <pt<25 	3<chiso range<10 	221.731	93.0445	128.663	107.553	96.1352	1.65825	1.87768
20 <pt<25 	3<chiso range<11 	221.731	93.0445	128.663	108.338	95.2882	1.73605	1.92304
20 <pt<25 	3<chiso range<12 	221.731	93.0445	128.663	106.452	96.85	1.55039	1.84388
20 <pt<25 	3<chiso range<13 	221.731	93.0445	128.663	104.616	98.7695	1.36046	1.74018
20 <pt<25 	4<chiso range<9 	221.731	93.0445	128.663	96.5685	107.301	0.448933	1.27447
20 <pt<25 	4<chiso range<10 	221.731	93.0445	128.663	100.263	103.31	0.886188	1.49673
20 <pt<25 	4<chiso range<11 	221.731	93.0445	128.663	101.925	101.592	1.07283	1.59118
20 <pt<25 	4<chiso range<12 	221.731	93.0445	128.663	100.454	102.671	0.908954	1.53419
20 <pt<25 	4<chiso range<13 	221.731	93.0445	128.663	98.9893	104.223	0.739274	1.44674
20 <pt<25 	5<chiso range<10 	221.731	93.0445	128.663	100.162	103.629	0.874283	1.4783
20 <pt<25 	5<chiso range<11 	221.731	93.0445	128.663	102.172	101.524	1.09965	1.59413
20 <pt<25 	5<chiso range<12 	221.731	93.0445	128.663	100.423	102.772	0.90522	1.52816
20 <pt<25 	5<chiso range<13 	221.731	93.0445	128.663	98.7314	104.555	0.708769	1.42762
20 <pt<25 	6<chiso range<11 	221.731	93.0445	128.663	99.5246	104.259	0.805449	1.45491
20 <pt<25 	6<chiso range<12 	221.731	93.0445	128.663	97.919	105.06	0.61537	1.40887
20 <pt<25 	6<chiso range<13 	221.731	93.0445	128.663	96.3209	106.697	0.419493	1.31285
20 <pt<25 	7<chiso range<12 	221.731	93.0445	128.663	105.457	97.9662	1.44791	1.78318
20 <pt<25 	7<chiso range<13 	221.731	93.0445	128.663	102.085	101.532	1.08804	1.5894
20 <pt<25 	8<chiso range<13 	221.731	93.0445	128.663	107.359	96.0705	1.64131	1.88486
#######################################################################################
25 <pt<30 	3<chiso range<8 	113.096	39.052	74.0356	47.9601	57.4787	1.48381	1.36363
25 <pt<30 	3<chiso range<9 	113.096	39.052	74.0356	50.316	55.2488	1.78622	1.52416
25 <pt<30 	3<chiso range<10 	113.096	39.052	74.0356	49.0968	56.4512	1.6329	1.43757
25 <pt<30 	3<chiso range<11 	113.096	39.052	74.0356	50.4955	55.0622	1.80842	1.53778
25 <pt<30 	3<chiso range<12 	113.096	39.052	74.0356	51.9958	53.7849	1.98083	1.62225
25 <pt<30 	3<chiso range<13 	113.096	39.052	74.0356	50.5573	55.2728	1.80912	1.51495
25 <pt<30 	4<chiso range<9 	113.096	39.052	74.0356	47.0704	58.244	1.36347	1.30985
25 <pt<30 	4<chiso range<10 	113.096	39.052	74.0356	46.1846	59.1193	1.23568	1.24308
25 <pt<30 	4<chiso range<11 	113.096	39.052	74.0356	48.0455	57.2988	1.49722	1.37922
25 <pt<30 	4<chiso range<12 	113.096	39.052	74.0356	49.8804	55.8084	1.73184	1.48345
25 <pt<30 	4<chiso range<13 	113.096	39.052	74.0356	48.5114	57.2133	1.55337	1.37813
25 <pt<30 	5<chiso range<10 	113.096	39.052	74.0356	46.5328	58.8021	1.28576	1.26643
25 <pt<30 	5<chiso range<11 	113.096	39.052	74.0356	48.7539	56.6236	1.591	1.42826
25 <pt<30 	5<chiso range<12 	113.096	39.052	74.0356	50.8689	54.9203	1.85138	1.54531
25 <pt<30 	5<chiso range<13 	113.096	39.052	74.0356	49.1511	56.6689	1.63495	1.4159
25 <pt<30 	6<chiso range<11 	113.096	39.052	74.0356	49.4883	56.0622	1.68232	1.465
25 <pt<30 	6<chiso range<12 	113.096	39.052	74.0356	51.9508	54.117	1.97313	1.59616
25 <pt<30 	6<chiso range<13 	113.096	39.052	74.0356	49.7597	56.3038	1.70732	1.43693
25 <pt<30 	7<chiso range<12 	113.096	39.052	74.0356	54.7975	51.9499	2.26852	1.73066
25 <pt<30 	7<chiso range<13 	113.096	39.052	74.0356	51.6861	54.9206	1.92767	1.52354
25 <pt<30 	8<chiso range<13 	113.096	39.052	74.0356	54.0781	52.4439	2.19197	1.69541
#######################################################################################
30 <pt<40 	3<chiso range<8 	118.368	33.8136	84.5511	35.0496	78.0024	0.216	0.532415
30 <pt<40 	3<chiso range<9 	118.368	33.8136	84.5511	36.0239	77.0889	0.375519	0.602111
30 <pt<40 	3<chiso range<10 	118.368	33.8136	84.5511	34.8435	78.0866	0.181412	0.526936
30 <pt<40 	3<chiso range<11 	118.368	33.8136	84.5511	36.0768	77.0764	0.383653	0.602614
30 <pt<40 	3<chiso range<12 	118.368	33.8136	84.5511	35.9308	77.1255	0.361111	0.600102
30 <pt<40 	3<chiso range<13 	118.368	33.8136	84.5511	35.4281	77.7529	0.278587	0.550613
30 <pt<40 	4<chiso range<9 	118.368	33.8136	84.5511	34.7112	78.2869	0.158526	0.510792
30 <pt<40 	4<chiso range<10 	118.368	33.8136	84.5511	33.595	79.2667	0.0400002	0.434823
30 <pt<40 	4<chiso range<11 	118.368	33.8136	84.5511	35.1069	77.9662	0.225567	0.535031
30 <pt<40 	4<chiso range<12 	118.368	33.8136	84.5511	35.0439	77.9302	0.215436	0.538968
30 <pt<40 	4<chiso range<13 	118.368	33.8136	84.5511	34.5614	78.5497	0.132377	0.489379
30 <pt<40 	5<chiso range<10 	118.368	33.8136	84.5511	31.3194	81.6402	0.488753	0.243035
30 <pt<40 	5<chiso range<11 	118.368	33.8136	84.5511	33.3317	79.8948	0.0883151	0.382476
30 <pt<40 	5<chiso range<12 	118.368	33.8136	84.5511	33.481	79.6115	0.0608566	0.406067
30 <pt<40 	5<chiso range<13 	118.368	33.8136	84.5511	33.1076	80.1575	0.130219	0.361444
30 <pt<40 	6<chiso range<11 	118.368	33.8136	84.5511	32.0425	81.2819	0.337283	0.270835
30 <pt<40 	6<chiso range<12 	118.368	33.8136	84.5511	32.4043	80.7475	0.266356	0.315042
30 <pt<40 	6<chiso range<13 	118.368	33.8136	84.5511	32.1002	81.2474	0.325666	0.273596
30 <pt<40 	7<chiso range<12 	118.368	33.8136	84.5511	35.0462	78.4208	0.214362	0.497557
30 <pt<40 	7<chiso range<13 	118.368	33.8136	84.5511	34.2836	79.4249	0.0831928	0.417052
30 <pt<40 	8<chiso range<13 	118.368	33.8136	84.5511	35.9086	77.4511	0.355722	0.572276
#######################################################################################
40 <pt<50 	3<chiso range<8 	58.8581	13.7749	45.0832	16.6542	40.6105	0.743949	0.519342
40 <pt<50 	3<chiso range<9 	58.8581	13.7749	45.0832	16.3547	40.8898	0.679351	0.489137
40 <pt<50 	3<chiso range<10 	58.8581	13.7749	45.0832	16.4313	40.8881	0.693753	0.487676
40 <pt<50 	3<chiso range<11 	58.8581	13.7749	45.0832	15.671	41.5924	0.520495	0.410562
40 <pt<50 	3<chiso range<12 	58.8581	13.7749	45.0832	16.0357	41.289	0.605113	0.443527
40 <pt<50 	3<chiso range<13 	58.8581	13.7749	45.0832	16.3132	40.9627	0.669779	0.480873
40 <pt<50 	4<chiso range<9 	58.8581	13.7749	45.0832	16.2028	41.1688	0.641499	0.455763
40 <pt<50 	4<chiso range<10 	58.8581	13.7749	45.0832	16.3023	41.1518	0.661445	0.456189
40 <pt<50 	4<chiso range<11 	58.8581	13.7749	45.0832	15.4674	41.8913	0.468661	0.375379
40 <pt<50 	4<chiso range<12 	58.8581	13.7749	45.0832	15.8996	41.5175	0.571018	0.416384
40 <pt<50 	4<chiso range<13 	58.8581	13.7749	45.0832	16.225	41.1211	0.647529	0.461718
40 <pt<50 	5<chiso range<10 	58.8581	13.7749	45.0832	16.1106	41.2961	0.619717	0.441071
40 <pt<50 	5<chiso range<11 	58.8581	13.7749	45.0832	15.1636	42.146	0.393046	0.34722
40 <pt<50 	5<chiso range<12 	58.8581	13.7749	45.0832	15.7002	41.6819	0.524834	0.398637
40 <pt<50 	5<chiso range<13 	58.8581	13.7749	45.0832	16.0727	41.2372	0.614234	0.449702
40 <pt<50 	6<chiso range<11 	58.8581	13.7749	45.0832	15.9921	41.2761	0.596081	0.445662
40 <pt<50 	6<chiso range<12 	58.8581	13.7749	45.0832	16.5105	40.8492	0.709744	0.491123
40 <pt<50 	6<chiso range<13 	58.8581	13.7749	45.0832	16.9176	40.3572	0.799344	0.546855
40 <pt<50 	7<chiso range<12 	58.8581	13.7749	45.0832	15.0535	42.3629	0.363063	0.321324
40 <pt<50 	7<chiso range<13 	58.8581	13.7749	45.0832	15.6159	41.705	0.506841	0.397686
40 <pt<50 	8<chiso range<13 	58.8581	13.7749	45.0832	15.8601	41.4424	0.566295	0.427859
#######################################################################################
50 <pt<65 	3<chiso range<8 	45.3306	8.49374	36.8368	8.14558	35.6549	0.125663	0.162481
50 <pt<65 	3<chiso range<9 	45.3306	8.49374	36.8368	7.08476	36.7243	0.582905	0.0157909
50 <pt<65 	3<chiso range<10 	45.3306	8.49374	36.8368	7.0676	36.7169	0.592871	0.0168527
50 <pt<65 	3<chiso range<11 	45.3306	8.49374	36.8368	6.55039	37.294	0.865145	0.0647392
50 <pt<65 	3<chiso range<12 	45.3306	8.49374	36.8368	6.18752	37.6956	1.08124	0.122249
50 <pt<65 	3<chiso range<13 	45.3306	8.49374	36.8368	5.98329	38.003	1.21272	0.166083
50 <pt<65 	4<chiso range<9 	45.3306	8.49374	36.8368	6.44015	37.4493	0.925658	0.0867738
50 <pt<65 	4<chiso range<10 	45.3306	8.49374	36.8368	6.50539	37.3413	0.891209	0.0715029
50 <pt<65 	4<chiso range<11 	45.3306	8.49374	36.8368	6.02585	37.9493	1.18511	0.158382
50 <pt<65 	4<chiso range<12 	45.3306	8.49374	36.8368	5.6891	38.3395	1.41919	0.214847
50 <pt<65 	4<chiso range<13 	45.3306	8.49374	36.8368	5.5014	38.5687	1.55976	0.248117
50 <pt<65 	5<chiso range<10 	45.3306	8.49374	36.8368	6.96969	36.7785	0.644261	0.00821926
50 <pt<65 	5<chiso range<11 	45.3306	8.49374	36.8368	6.26919	37.5672	1.03408	0.103974
50 <pt<65 	5<chiso range<12 	45.3306	8.49374	36.8368	5.83644	38.1295	1.31801	0.184686
50 <pt<65 	5<chiso range<13 	45.3306	8.49374	36.8368	5.59987	38.4189	1.48862	0.2266
50 <pt<65 	6<chiso range<11 	45.3306	8.49374	36.8368	5.75171	38.1995	1.3819	0.195077
50 <pt<65 	6<chiso range<12 	45.3306	8.49374	36.8368	5.31395	38.7186	1.72116	0.270744
50 <pt<65 	6<chiso range<13 	45.3306	8.49374	36.8368	5.10271	38.9878	1.90123	0.310053
50 <pt<65 	7<chiso range<12 	45.3306	8.49374	36.8368	4.9148	39.131	2.09282	0.332252
50 <pt<65 	7<chiso range<13 	45.3306	8.49374	36.8368	4.73967	39.3695	2.26288	0.36716
50 <pt<65 	8<chiso range<13 	45.3306	8.49374	36.8368	3.79474	40.4146	3.50347	0.524887
#######################################################################################
65 <pt<100 	3<chiso range<8 	36.6718	4.87595	31.7958	5.53765	30.666	0.319142	0.177184
65 <pt<100 	3<chiso range<9 	36.6718	4.87595	31.7958	5.69279	30.5477	0.381492	0.194621
65 <pt<100 	3<chiso range<10 	36.6718	4.87595	31.7958	5.30125	31.0785	0.209652	0.112205
65 <pt<100 	3<chiso range<11 	36.6718	4.87595	31.7958	5.08006	31.3744	0.104723	0.0660609
65 <pt<100 	3<chiso range<12 	36.6718	4.87595	31.7958	4.98532	31.3915	0.0576445	0.0636895
65 <pt<100 	3<chiso range<13 	36.6718	4.87595	31.7958	4.77936	31.5676	0.0532584	0.0361437
65 <pt<100 	4<chiso range<9 	36.6718	4.87595	31.7958	5.43038	30.8403	0.270255	0.149697
65 <pt<100 	4<chiso range<10 	36.6718	4.87595	31.7958	5.02897	31.4701	0.078908	0.0510255
65 <pt<100 	4<chiso range<11 	36.6718	4.87595	31.7958	4.80292	31.7173	0.039333	0.0123496
65 <pt<100 	4<chiso range<12 	36.6718	4.87595	31.7958	4.73047	31.6884	0.0804081	0.0169826
65 <pt<100 	4<chiso range<13 	36.6718	4.87595	31.7958	4.53082	31.8489	0.199976	0.00844331
65 <pt<100 	5<chiso range<10 	36.6718	4.87595	31.7958	4.72093	31.9634	0.0834733	0.0262665
65 <pt<100 	5<chiso range<11 	36.6718	4.87595	31.7958	4.50232	32.1825	0.210897	0.0608936
65 <pt<100 	5<chiso range<12 	36.6718	4.87595	31.7958	4.4719	32.051	0.233537	0.0404238
65 <pt<100 	5<chiso range<13 	36.6718	4.87595	31.7958	4.28115	32.133	0.361517	0.0538295
65 <pt<100 	6<chiso range<11 	36.6718	4.87595	31.7958	4.29258	32.3963	0.343755	0.095043
65 <pt<100 	6<chiso range<12 	36.6718	4.87595	31.7958	4.29009	32.1959	0.352722	0.0637175
65 <pt<100 	6<chiso range<13 	36.6718	4.87595	31.7958	4.10421	32.3492	0.489472	0.0885124
65 <pt<100 	7<chiso range<12 	36.6718	4.87595	31.7958	4.02953	32.5036	0.542268	0.113098
65 <pt<100 	7<chiso range<13 	36.6718	4.87595	31.7958	3.8592	32.5873	0.686103	0.127215
65 <pt<100 	8<chiso range<13 	36.6718	4.87595	31.7958	3.95232	32.548	0.605603	0.120522
#######################################################################################
100 <pt<400 	3<chiso range<8 	20.6497	1.55835	19.0914	1.14992	19.049	0.550299	0.0096905
100 <pt<400 	3<chiso range<9 	20.6497	1.55835	19.0914	1.06399	19.1027	0.723345	0.00259395
100 <pt<400 	3<chiso range<10 	20.6497	1.55835	19.0914	1.40031	18.7097	0.178157	0.086767
100 <pt<400 	3<chiso range<11 	20.6497	1.55835	19.0914	1.35485	18.786	0.234324	0.0694072
100 <pt<400 	3<chiso range<12 	20.6497	1.55835	19.0914	1.26284	18.8952	0.365592	0.0446624
100 <pt<400 	3<chiso range<13 	20.6497	1.55835	19.0914	1.32649	18.8055	0.272884	0.0650503
100 <pt<400 	4<chiso range<9 	20.6497	1.55835	19.0914	0.973697	19.1961	0.936668	0.0241058
100 <pt<400 	4<chiso range<10 	20.6497	1.55835	19.0914	1.35255	18.7465	0.240966	0.078619
100 <pt<400 	4<chiso range<11 	20.6497	1.55835	19.0914	1.30431	18.8622	0.30392	0.0520808
100 <pt<400 	4<chiso range<12 	20.6497	1.55835	19.0914	1.2147	18.9366	0.442817	0.0353179
100 <pt<400 	4<chiso range<13 	20.6497	1.55835	19.0914	1.28321	18.8746	0.334763	0.0493001
100 <pt<400 	5<chiso range<10 	20.6497	1.55835	19.0914	1.16053	18.9538	0.543971	0.0315352
100 <pt<400 	5<chiso range<11 	20.6497	1.55835	19.0914	1.14756	19.0091	0.559169	0.0188221
100 <pt<400 	5<chiso range<12 	20.6497	1.55835	19.0914	1.06511	19.0664	0.726292	0.00574231
100 <pt<400 	5<chiso range<13 	20.6497	1.55835	19.0914	1.16127	18.9894	0.534225	0.02331
100 <pt<400 	6<chiso range<11 	20.6497	1.55835	19.0914	1.2708	18.9202	0.350265	0.0389067
100 <pt<400 	6<chiso range<12 	20.6497	1.55835	19.0914	1.15157	19.0119	0.550366	0.0181706
100 <pt<400 	6<chiso range<13 	20.6497	1.55835	19.0914	1.25369	18.916	0.377786	0.0399044
100 <pt<400 	7<chiso range<12 	20.6497	1.55835	19.0914	1.19807	18.9807	0.465833	0.0252275
100 <pt<400 	7<chiso range<13 	20.6497	1.55835	19.0914	1.31892	18.8319	0.281329	0.0589816
100 <pt<400 	8<chiso range<13 	20.6497	1.55835	19.0914	1.54876	18.5851	0.00971491	0.11399
#######################################################################################
