pt range	chiso range	DataNumber	FakeNumber	TrueNumber	fitFake_number	fitTrue_number	closureFake_test	closureTrue_test
#######################################################################################
20 <pt<25 	3<chiso range<8 	211.239	59.2399	75.7451	77.086	118.208	2.19017	2.53487
20 <pt<25 	3<chiso range<9 	211.239	59.2399	75.7451	71.0992	123.317	1.58671	2.91307
20 <pt<25 	3<chiso range<10 	211.239	59.2399	75.7451	72.3983	122.221	1.72564	2.82848
20 <pt<25 	3<chiso range<11 	211.239	59.2399	75.7451	69.2349	124.915	1.37533	3.03392
20 <pt<25 	3<chiso range<12 	211.239	59.2399	75.7451	70.4403	124.349	1.50769	2.97683
20 <pt<25 	3<chiso range<13 	211.239	59.2399	75.7451	67.7253	127.034	1.18787	3.17237
20 <pt<25 	4<chiso range<9 	211.239	59.2399	75.7451	66.3803	128.339	1.02019	3.26993
20 <pt<25 	4<chiso range<10 	211.239	59.2399	75.7451	68.4905	126.505	1.27898	3.12931
20 <pt<25 	4<chiso range<11 	211.239	59.2399	75.7451	65.4305	128.985	0.899951	3.32862
20 <pt<25 	4<chiso range<12 	211.239	59.2399	75.7451	67.0824	128.046	1.10593	3.23903
20 <pt<25 	4<chiso range<13 	211.239	59.2399	75.7451	64.3562	130.747	0.752419	3.4419
20 <pt<25 	5<chiso range<10 	211.239	59.2399	75.7451	62.005	132.62	0.423587	3.5956
20 <pt<25 	5<chiso range<11 	211.239	59.2399	75.7451	59.5595	134.479	0.0512	3.75625
20 <pt<25 	5<chiso range<12 	211.239	59.2399	75.7451	61.9732	132.905	0.418153	3.61015
20 <pt<25 	5<chiso range<13 	211.239	59.2399	75.7451	59.5004	135.365	0.0415217	3.80045
20 <pt<25 	6<chiso range<11 	211.239	59.2399	75.7451	56.9135	136.742	0.391104	3.94386
20 <pt<25 	6<chiso range<12 	211.239	59.2399	75.7451	59.9927	134.635	0.11917	3.74961
20 <pt<25 	6<chiso range<13 	211.239	59.2399	75.7451	57.4407	137.219	0.297483	3.95043
20 <pt<25 	7<chiso range<12 	211.239	59.2399	75.7451	61.9937	133.118	0.4213	3.62782
20 <pt<25 	7<chiso range<13 	211.239	59.2399	75.7451	58.6111	136.511	0.10183	3.89273
20 <pt<25 	8<chiso range<13 	211.239	59.2399	75.7451	56.6091	138.194	0.443023	4.04252
#######################################################################################
25 <pt<30 	3<chiso range<8 	116.321	26.3814	45.9847	32.7319	77.2168	1.13405	2.56104
25 <pt<30 	3<chiso range<9 	116.321	26.3814	45.9847	29.8061	80.4264	0.667917	2.87902
25 <pt<30 	3<chiso range<10 	116.321	26.3814	45.9847	29.3391	80.7629	0.587268	2.92011
25 <pt<30 	3<chiso range<11 	116.321	26.3814	45.9847	28.6491	81.6094	0.459933	3.00303
25 <pt<30 	3<chiso range<12 	116.321	26.3814	45.9847	28.3949	81.6252	0.413682	3.01553
25 <pt<30 	3<chiso range<13 	116.321	26.3814	45.9847	28.6205	81.2029	0.458032	2.98015
25 <pt<30 	4<chiso range<9 	116.321	26.3814	45.9847	27.929	82.345	0.321772	3.07989
25 <pt<30 	4<chiso range<10 	116.321	26.3814	45.9847	27.6308	82.4997	0.263299	3.10409
25 <pt<30 	4<chiso range<11 	116.321	26.3814	45.9847	27.0655	83.2032	0.14685	3.17659
25 <pt<30 	4<chiso range<12 	116.321	26.3814	45.9847	26.9009	83.146	0.112667	3.17928
25 <pt<30 	4<chiso range<13 	116.321	26.3814	45.9847	27.2626	82.5633	0.189312	3.1271
25 <pt<30 	5<chiso range<10 	116.321	26.3814	45.9847	26.6572	83.2937	0.0603439	3.19722
25 <pt<30 	5<chiso range<11 	116.321	26.3814	45.9847	26.1183	84.0777	0.058581	3.27462
25 <pt<30 	5<chiso range<12 	116.321	26.3814	45.9847	26.049	83.8311	0.0745572	3.26082
25 <pt<30 	5<chiso range<13 	116.321	26.3814	45.9847	26.5013	83.2145	0.0265416	3.20221
25 <pt<30 	6<chiso range<11 	116.321	26.3814	45.9847	25.5612	84.7821	0.187074	3.359
25 <pt<30 	6<chiso range<12 	116.321	26.3814	45.9847	25.5565	84.4058	0.189057	3.32823
25 <pt<30 	6<chiso range<13 	116.321	26.3814	45.9847	26.1703	83.5108	0.0474621	3.24298
25 <pt<30 	7<chiso range<12 	116.321	26.3814	45.9847	20.4624	89.4148	1.69064	3.88765
25 <pt<30 	7<chiso range<13 	116.321	26.3814	45.9847	21.7324	87.8432	1.25705	3.7247
25 <pt<30 	8<chiso range<13 	116.321	26.3814	45.9847	23.4062	86.2888	0.745832	3.54509
#######################################################################################
30 <pt<40 	3<chiso range<8 	114.11	19.5765	52.9663	28.8607	80.9847	1.69308	2.31611
30 <pt<40 	3<chiso range<9 	114.11	19.5765	52.9663	26.6474	83.4513	1.38716	2.55639
30 <pt<40 	3<chiso range<10 	114.11	19.5765	52.9663	26.0787	83.8535	1.30863	2.60717
30 <pt<40 	3<chiso range<11 	114.11	19.5765	52.9663	25.9134	83.9483	1.28576	2.62095
30 <pt<40 	3<chiso range<12 	114.11	19.5765	52.9663	25.6272	84.3044	1.23934	2.65505
30 <pt<40 	3<chiso range<13 	114.11	19.5765	52.9663	24.719	85.2942	1.08978	2.75605
30 <pt<40 	4<chiso range<9 	114.11	19.5765	52.9663	26.9188	83.2669	1.42318	2.53311
30 <pt<40 	4<chiso range<10 	114.11	19.5765	52.9663	26.2043	83.7638	1.32648	2.59605
30 <pt<40 	4<chiso range<11 	114.11	19.5765	52.9663	25.9989	83.8817	1.29833	2.61311
30 <pt<40 	4<chiso range<12 	114.11	19.5765	52.9663	25.6573	84.3057	1.24335	2.65399
30 <pt<40 	4<chiso range<13 	114.11	19.5765	52.9663	24.6252	85.431	1.07318	2.76906
30 <pt<40 	5<chiso range<10 	114.11	19.5765	52.9663	27.5414	82.3982	1.51823	2.45548
30 <pt<40 	5<chiso range<11 	114.11	19.5765	52.9663	27.1143	82.7276	1.46299	2.49474
30 <pt<40 	5<chiso range<12 	114.11	19.5765	52.9663	26.5772	83.3525	1.38291	2.55507
30 <pt<40 	5<chiso range<13 	114.11	19.5765	52.9663	25.3139	84.72	1.18673	2.69375
30 <pt<40 	6<chiso range<11 	114.11	19.5765	52.9663	28.022	81.8973	1.58352	2.40664
30 <pt<40 	6<chiso range<12 	114.11	19.5765	52.9663	27.1899	82.8541	1.46643	2.49781
30 <pt<40 	6<chiso range<13 	114.11	19.5765	52.9663	25.6111	84.5455	1.23026	2.66915
30 <pt<40 	7<chiso range<12 	114.11	19.5765	52.9663	25.0832	84.8276	1.15415	2.71403
30 <pt<40 	7<chiso range<13 	114.11	19.5765	52.9663	23.5467	86.4846	0.882692	2.88292
30 <pt<40 	8<chiso range<13 	114.11	19.5765	52.9663	20.4226	89.7471	0.216058	3.23333
#######################################################################################
40 <pt<50 	3<chiso range<8 	54.348	7.41096	28.7391	9.98957	41.93	0.854082	1.68415
40 <pt<50 	3<chiso range<9 	54.348	7.41096	28.7391	10.1898	41.5807	0.908361	1.63711
40 <pt<50 	3<chiso range<10 	54.348	7.41096	28.7391	9.96671	41.8333	0.853992	1.67652
40 <pt<50 	3<chiso range<11 	54.348	7.41096	28.7391	9.71483	42.1397	0.78764	1.72168
40 <pt<50 	3<chiso range<12 	54.348	7.41096	28.7391	10.0765	41.8232	0.876794	1.66941
40 <pt<50 	3<chiso range<13 	54.348	7.41096	28.7391	9.98887	41.9181	0.854283	1.68279
40 <pt<50 	4<chiso range<9 	54.348	7.41096	28.7391	9.70587	42.0084	0.788317	1.70541
40 <pt<50 	4<chiso range<10 	54.348	7.41096	28.7391	9.49947	42.246	0.732518	1.74226
40 <pt<50 	4<chiso range<11 	54.348	7.41096	28.7391	9.27524	42.5351	0.6675	1.78446
40 <pt<50 	4<chiso range<12 	54.348	7.41096	28.7391	9.73475	42.1306	0.790927	1.71742
40 <pt<50 	4<chiso range<13 	54.348	7.41096	28.7391	9.65638	42.2205	0.769356	1.72997
40 <pt<50 	5<chiso range<10 	54.348	7.41096	28.7391	9.21481	42.5837	0.651273	1.79438
40 <pt<50 	5<chiso range<11 	54.348	7.41096	28.7391	8.98291	42.8925	0.580038	1.83952
40 <pt<50 	5<chiso range<12 	54.348	7.41096	28.7391	9.56209	42.3767	0.743723	1.75382
40 <pt<50 	5<chiso range<13 	54.348	7.41096	28.7391	9.48413	42.4612	0.721494	1.76536
40 <pt<50 	6<chiso range<11 	54.348	7.41096	28.7391	9.54874	42.3881	0.740013	1.75544
40 <pt<50 	6<chiso range<12 	54.348	7.41096	28.7391	10.1893	41.8184	0.898587	1.66196
40 <pt<50 	6<chiso range<13 	54.348	7.41096	28.7391	10.0336	41.9765	0.859876	1.68473
40 <pt<50 	7<chiso range<12 	54.348	7.41096	28.7391	9.1762	42.7891	0.634851	1.81762
40 <pt<50 	7<chiso range<13 	54.348	7.41096	28.7391	9.11023	42.8606	0.614278	1.82663
40 <pt<50 	8<chiso range<13 	54.348	7.41096	28.7391	9.98008	41.9154	0.852068	1.68229
#######################################################################################
50 <pt<65 	3<chiso range<8 	38.9865	5.63101	22.689	3.86096	34.7095	0.895833	1.86376
50 <pt<65 	3<chiso range<9 	38.9865	5.63101	22.689	4.14115	34.6569	0.687741	1.82491
50 <pt<65 	3<chiso range<10 	38.9865	5.63101	22.689	4.21601	34.5197	0.643629	1.80453
50 <pt<65 	3<chiso range<11 	38.9865	5.63101	22.689	3.84607	34.7981	0.897049	1.87376
50 <pt<65 	3<chiso range<12 	38.9865	5.63101	22.689	3.8261	34.731	0.92276	1.86796
50 <pt<65 	3<chiso range<13 	38.9865	5.63101	22.689	3.52386	34.9721	1.17576	1.92597
50 <pt<65 	4<chiso range<9 	38.9865	5.63101	22.689	3.60382	35.1357	1.06919	1.93644
50 <pt<65 	4<chiso range<10 	38.9865	5.63101	22.689	3.74338	34.9978	0.961458	1.90631
50 <pt<65 	4<chiso range<11 	38.9865	5.63101	22.689	3.39707	35.2442	1.26435	1.9698
50 <pt<65 	4<chiso range<12 	38.9865	5.63101	22.689	3.43672	35.1048	1.24576	1.94959
50 <pt<65 	4<chiso range<13 	38.9865	5.63101	22.689	3.15767	35.4016	1.53598	2.00808
50 <pt<65 	5<chiso range<10 	38.9865	5.63101	22.689	3.79549	35.1353	0.903458	1.91535
50 <pt<65 	5<chiso range<11 	38.9865	5.63101	22.689	3.39324	35.3378	1.25124	1.98152
50 <pt<65 	5<chiso range<12 	38.9865	5.63101	22.689	3.44993	35.1446	1.22488	1.95311
50 <pt<65 	5<chiso range<13 	38.9865	5.63101	22.689	3.12562	35.4741	1.5649	2.02035
50 <pt<65 	6<chiso range<11 	38.9865	5.63101	22.689	3.28419	35.3371	1.37569	1.99212
50 <pt<65 	6<chiso range<12 	38.9865	5.63101	22.689	3.34778	35.1499	1.33836	1.96412
50 <pt<65 	6<chiso range<13 	38.9865	5.63101	22.689	2.99721	35.5229	1.73363	2.03858
50 <pt<65 	7<chiso range<12 	38.9865	5.63101	22.689	3.26226	35.2035	1.43129	1.97954
50 <pt<65 	7<chiso range<13 	38.9865	5.63101	22.689	2.8555	35.6461	1.92663	2.06731
50 <pt<65 	8<chiso range<13 	38.9865	5.63101	22.689	3.1893	35.2665	1.51386	1.99578
#######################################################################################
65 <pt<400 	3<chiso range<8 	46.8206	3.98422	34.8283	4.27406	41.9218	0.14446	1.01349
65 <pt<400 	3<chiso range<9 	46.8206	3.98422	34.8283	3.84271	42.333	0.0786215	1.08299
65 <pt<400 	3<chiso range<10 	46.8206	3.98422	34.8283	3.50056	42.6756	0.294902	1.14041
65 <pt<400 	3<chiso range<11 	46.8206	3.98422	34.8283	3.20421	43.0401	0.513715	1.19838
65 <pt<400 	3<chiso range<12 	46.8206	3.98422	34.8283	3.14841	43.1043	0.559029	1.20894
65 <pt<400 	3<chiso range<13 	46.8206	3.98422	34.8283	3.19736	43.0858	0.516607	1.20416
65 <pt<400 	4<chiso range<9 	46.8206	3.98422	34.8283	3.53011	42.6718	0.273508	1.13846
65 <pt<400 	4<chiso range<10 	46.8206	3.98422	34.8283	3.19714	42.9882	0.523843	1.19295
65 <pt<400 	4<chiso range<11 	46.8206	3.98422	34.8283	2.89363	43.3896	0.790976	1.25549
65 <pt<400 	4<chiso range<12 	46.8206	3.98422	34.8283	2.86486	43.4339	0.817899	1.26216
65 <pt<400 	4<chiso range<13 	46.8206	3.98422	34.8283	2.94234	43.3813	0.739006	1.2521
65 <pt<400 	5<chiso range<10 	46.8206	3.98422	34.8283	3.12864	43.0723	0.580913	1.20576
65 <pt<400 	5<chiso range<11 	46.8206	3.98422	34.8283	2.78138	43.526	0.903908	1.27733
65 <pt<400 	5<chiso range<12 	46.8206	3.98422	34.8283	2.76312	43.5601	0.921439	1.28232
65 <pt<400 	5<chiso range<13 	46.8206	3.98422	34.8283	2.86099	43.4875	0.815963	1.2688
65 <pt<400 	6<chiso range<11 	46.8206	3.98422	34.8283	2.35153	43.9724	1.44606	1.35273
65 <pt<400 	6<chiso range<12 	46.8206	3.98422	34.8283	2.38987	43.9655	1.37961	1.34978
65 <pt<400 	6<chiso range<13 	46.8206	3.98422	34.8283	2.53865	43.8459	1.1749	1.32787
65 <pt<400 	7<chiso range<12 	46.8206	3.98422	34.8283	2.0587	44.3474	1.92172	1.41343
65 <pt<400 	7<chiso range<13 	46.8206	3.98422	34.8283	2.27131	44.1686	1.545	1.38097
65 <pt<400 	8<chiso range<13 	46.8206	3.98422	34.8283	2.17829	44.2059	1.70594	1.39114
#######################################################################################
