pt: 20 ~ 25
*	3	4	5	6	7	8
8	0.38
9	0.27	0.63
10	0.68	0.02	0.50
11	0.51	0.10	0.58	1.01
12	0.56	0.01	0.38	0.71	0.30
13	0.244	0.310	0.727	1.079	0.265	0.058
############################################################
pt: 25 ~ 30
*	3	4	5	6	7	8
8	0.83
9	0.82	0.38
10	0.65	0.24	0.24
11	0.82	0.49	0.53	0.55
12	1.00	0.73	0.81	0.87	0.53
13	0.901	0.635	0.695	0.736	0.410	0.987
############################################################
pt: 30 ~ 40
*	3	4	5	6	7	8
8	0.41
9	0.41	0.48
10	0.22	0.24	0.13
11	0.44	0.50	0.44	0.37
12	0.46	0.51	0.46	0.41	0.70
13	0.311	0.341	0.275	0.192	0.414	0.195
############################################################
pt: 40 ~ 50
*	3	4	5	6	7	8
8	0.58
9	0.54	0.60
10	0.59	0.64	0.58
11	0.40	0.42	0.32	0.58
12	0.57	0.61	0.56	0.80	0.33
13	0.619	0.666	0.628	0.866	0.452	0.668
############################################################
pt: 50 ~ 70
*	3	4	5	6	7	8
8	0.85
9	1.02	1.23
10	0.94	1.10	0.78
11	1.44	1.68	1.50	1.95
12	1.52	1.76	1.61	2.01	2.44
13	1.797	2.056	1.965	2.425	2.894	3.295
############################################################
pt: 70 ~ 400
*	3	4	5	6	7	8
8	1.49
9	1.58	1.86
10	1.55	1.77	1.86
11	1.67	1.89	1.99	2.06
12	1.90	2.14	2.28	2.39	2.63
13	1.777	1.954	2.046	2.107	2.242	2.103
############################################################
