pt range	chiso range	mcTruth number	fit number	mcTruth error	integral error	fit error
####################################################
20 <pt<25 		3 <chiso<8	50.99	42.74	2.31	3.02	5.78
20 <pt<25 		3 <chiso<9	50.99	43.19	2.31	2.80	5.59
20 <pt<25 		3 <chiso<10	50.99	40.96	2.31	2.59	5.13
20 <pt<25 		3 <chiso<11	50.99	40.57	2.31	2.47	4.97
20 <pt<25 		3 <chiso<12	50.99	39.51	2.31	2.34	4.75
20 <pt<25 		3 <chiso<13	50.99	39.30	2.31	2.28	4.67
20 <pt<25 		4 <chiso<9	50.99	41.77	2.31	3.05	5.71
20 <pt<25 		4 <chiso<10	50.99	39.35	2.31	2.78	5.15
20 <pt<25 		4 <chiso<11	50.99	39.03	2.31	2.63	4.97
20 <pt<25 		4 <chiso<12	50.99	37.98	2.31	2.48	4.72
20 <pt<25 		4 <chiso<13	50.99	37.87	2.31	2.41	4.64
20 <pt<25 		5 <chiso<10	50.99	36.15	2.31	3.11	5.05
20 <pt<25 		5 <chiso<11	50.99	36.16	2.31	2.91	4.86
20 <pt<25 		5 <chiso<12	50.99	35.25	2.31	2.71	4.59
20 <pt<25 		5 <chiso<13	50.99	35.34	2.31	2.62	4.52
20 <pt<25 		6 <chiso<11	50.99	37.67	2.31	3.39	5.47
20 <pt<25 		6 <chiso<12	50.99	36.38	2.31	3.09	5.05
20 <pt<25 		6 <chiso<13	50.99	36.42	2.31	2.96	4.93
20 <pt<25 		7 <chiso<12	50.99	35.08	2.31	3.41	5.22
20 <pt<25 		7 <chiso<13	50.99	35.19	2.31	3.24	5.06
20 <pt<25 		8 <chiso<13	50.99	33.63	2.31	3.45	5.16
####################################################
25 <pt<30 		3 <chiso<8	25.94	18.19	1.71	1.81	3.63
25 <pt<30 		3 <chiso<9	25.94	18.59	1.71	1.71	3.60
25 <pt<30 		3 <chiso<10	25.94	19.10	1.71	1.64	3.62
25 <pt<30 		3 <chiso<11	25.94	19.45	1.71	1.53	3.59
25 <pt<30 		3 <chiso<12	25.94	18.73	1.71	1.45	3.41
25 <pt<30 		3 <chiso<13	25.94	18.01	1.71	1.38	3.23
25 <pt<30 		4 <chiso<9	25.94	18.34	1.71	1.97	3.78
25 <pt<30 		4 <chiso<10	25.94	19.01	1.71	1.86	3.79
25 <pt<30 		4 <chiso<11	25.94	19.47	1.71	1.71	3.75
25 <pt<30 		4 <chiso<12	25.94	18.60	1.71	1.60	3.51
25 <pt<30 		4 <chiso<13	25.94	17.77	1.71	1.52	3.29
25 <pt<30 		5 <chiso<10	25.94	17.46	1.71	2.03	3.67
25 <pt<30 		5 <chiso<11	25.94	18.26	1.71	1.84	3.67
25 <pt<30 		5 <chiso<12	25.94	17.39	1.71	1.71	3.40
25 <pt<30 		5 <chiso<13	25.94	16.56	1.71	1.60	3.16
25 <pt<30 		6 <chiso<11	25.94	19.36	1.71	2.07	4.12
25 <pt<30 		6 <chiso<12	25.94	18.01	1.71	1.87	3.69
25 <pt<30 		6 <chiso<13	25.94	16.96	1.71	1.73	3.37
25 <pt<30 		7 <chiso<12	25.94	18.32	1.71	2.05	4.00
25 <pt<30 		7 <chiso<13	25.94	17.01	1.71	1.87	3.56
25 <pt<30 		8 <chiso<13	25.94	17.17	1.71	2.12	3.88
####################################################
30 <pt<35 		3 <chiso<8	14.76	10.83	1.31	1.09	2.88
30 <pt<35 		3 <chiso<9	14.76	10.07	1.31	1.01	2.62
30 <pt<35 		3 <chiso<10	14.76	10.05	1.31	0.97	2.57
30 <pt<35 		3 <chiso<11	14.76	9.49	1.31	0.92	2.39
30 <pt<35 		3 <chiso<12	14.76	9.49	1.31	0.88	2.36
30 <pt<35 		3 <chiso<13	14.76	9.72	1.31	0.86	2.40
30 <pt<35 		4 <chiso<9	14.76	9.91	1.31	1.09	2.69
30 <pt<35 		4 <chiso<10	14.76	9.90	1.31	1.05	2.62
30 <pt<35 		4 <chiso<11	14.76	9.25	1.31	0.98	2.40
30 <pt<35 		4 <chiso<12	14.76	9.26	1.31	0.94	2.37
30 <pt<35 		4 <chiso<13	14.76	9.55	1.31	0.91	2.41
30 <pt<35 		5 <chiso<10	14.76	9.24	1.31	1.11	2.56
30 <pt<35 		5 <chiso<11	14.76	8.51	1.31	1.02	2.29
30 <pt<35 		5 <chiso<12	14.76	8.60	1.31	0.98	2.28
30 <pt<35 		5 <chiso<13	14.76	8.97	1.31	0.95	2.33
30 <pt<35 		6 <chiso<11	14.76	7.80	1.31	1.13	2.21
30 <pt<35 		6 <chiso<12	14.76	8.02	1.31	1.07	2.21
30 <pt<35 		6 <chiso<13	14.76	8.51	1.31	1.03	2.29
30 <pt<35 		7 <chiso<12	14.76	8.84	1.31	1.27	2.59
30 <pt<35 		7 <chiso<13	14.76	9.34	1.31	1.20	2.64
30 <pt<35 		8 <chiso<13	14.76	7.68	1.31	1.37	2.35
####################################################
35 <pt<45 		3 <chiso<8	15.08	10.01	1.30	1.11	2.76
35 <pt<45 		3 <chiso<9	15.08	9.98	1.30	1.03	2.68
35 <pt<45 		3 <chiso<10	15.08	9.75	1.30	0.96	2.55
35 <pt<45 		3 <chiso<11	15.08	10.19	1.30	0.95	2.64
35 <pt<45 		3 <chiso<12	15.08	10.16	1.30	0.91	2.59
35 <pt<45 		3 <chiso<13	15.08	9.88	1.30	0.85	2.49
35 <pt<45 		4 <chiso<9	15.08	9.87	1.30	1.21	2.79
35 <pt<45 		4 <chiso<10	15.08	9.58	1.30	1.10	2.61
35 <pt<45 		4 <chiso<11	15.08	10.14	1.30	1.08	2.73
35 <pt<45 		4 <chiso<12	15.08	10.11	1.30	1.02	2.66
35 <pt<45 		4 <chiso<13	15.08	9.77	1.30	0.95	2.53
35 <pt<45 		5 <chiso<10	15.08	9.77	1.30	1.21	2.78
35 <pt<45 		5 <chiso<11	15.08	10.42	1.30	1.19	2.91
35 <pt<45 		5 <chiso<12	15.08	10.34	1.30	1.11	2.81
35 <pt<45 		5 <chiso<13	15.08	9.99	1.30	1.03	2.66
35 <pt<45 		6 <chiso<11	15.08	9.59	1.30	1.25	2.80
35 <pt<45 		6 <chiso<12	15.08	9.62	1.30	1.16	2.71
35 <pt<45 		6 <chiso<13	15.08	9.29	1.30	1.06	2.55
35 <pt<45 		7 <chiso<12	15.08	9.56	1.30	1.30	2.83
35 <pt<45 		7 <chiso<13	15.08	9.15	1.30	1.16	2.61
35 <pt<45 		8 <chiso<13	15.08	9.61	1.30	1.33	2.90
####################################################
45 <pt<400 		3 <chiso<8	11.95	10.39	1.27	0.91	3.31
45 <pt<400 		3 <chiso<9	11.95	10.67	1.27	0.85	3.32
45 <pt<400 		3 <chiso<10	11.95	10.26	1.27	0.80	3.13
45 <pt<400 		3 <chiso<11	11.95	9.78	1.27	0.72	2.93
45 <pt<400 		3 <chiso<12	11.95	9.71	1.27	0.67	2.90
45 <pt<400 		3 <chiso<13	11.95	9.54	1.27	0.64	2.82
45 <pt<400 		4 <chiso<9	11.95	11.12	1.27	0.98	3.60
45 <pt<400 		4 <chiso<10	11.95	10.54	1.27	0.90	3.33
45 <pt<400 		4 <chiso<11	11.95	9.92	1.27	0.79	3.05
45 <pt<400 		4 <chiso<12	11.95	9.86	1.27	0.73	3.00
45 <pt<400 		4 <chiso<13	11.95	9.65	1.27	0.69	2.91
45 <pt<400 		5 <chiso<10	11.95	11.09	1.27	1.05	3.65
45 <pt<400 		5 <chiso<11	11.95	10.22	1.27	0.89	3.24
45 <pt<400 		5 <chiso<12	11.95	10.15	1.27	0.81	3.17
45 <pt<400 		5 <chiso<13	11.95	9.87	1.27	0.75	3.04
45 <pt<400 		6 <chiso<11	11.95	10.21	1.27	0.98	3.36
45 <pt<400 		6 <chiso<12	11.95	10.17	1.27	0.88	3.26
45 <pt<400 		6 <chiso<13	11.95	9.84	1.27	0.81	3.10
45 <pt<400 		7 <chiso<12	11.95	10.34	1.27	0.95	3.43
45 <pt<400 		7 <chiso<13	11.95	9.93	1.27	0.87	3.21
45 <pt<400 		8 <chiso<13	11.95	8.43	1.27	0.87	2.83
