pt range	chiso range	DataNumber	FakeNumber	TrueNumber	fitFake_number	fitTrue_number	closureFake_test	closureTrue_test
#######################################################################################
20 <pt<25 	3<chiso range<8 	79.6656	36.063	43.4777	38.7415	40.8137	0.574116	0.249391
20 <pt<25 	3<chiso range<9 	79.6656	36.063	43.4777	37.7934	41.6733	0.380604	0.170159
20 <pt<25 	3<chiso range<10 	79.6656	36.063	43.4777	37.9772	41.5659	0.41856	0.17988
20 <pt<25 	3<chiso range<11 	79.6656	36.063	43.4777	35.5161	43.9224	0.127972	0.0425485
20 <pt<25 	3<chiso range<12 	79.6656	36.063	43.4777	34.4546	44.9657	0.387979	0.143351
20 <pt<25 	3<chiso range<13 	79.6656	36.063	43.4777	33.0498	46.3396	0.75791	0.278235
20 <pt<25 	4<chiso range<9 	79.6656	36.063	43.4777	38.7355	40.9667	0.57173	0.234579
20 <pt<25 	4<chiso range<10 	79.6656	36.063	43.4777	38.8481	40.927	0.593494	0.237865
20 <pt<25 	4<chiso range<11 	79.6656	36.063	43.4777	35.8263	43.7991	0.0547653	0.0306098
20 <pt<25 	4<chiso range<12 	79.6656	36.063	43.4777	34.5593	45.0214	0.360813	0.148284
20 <pt<25 	4<chiso range<13 	79.6656	36.063	43.4777	32.9336	46.6	0.7883	0.303151
20 <pt<25 	5<chiso range<10 	79.6656	36.063	43.4777	38.9422	41.393	0.607105	0.192676
20 <pt<25 	5<chiso range<11 	79.6656	36.063	43.4777	35.0616	44.9906	0.235258	0.14388
20 <pt<25 	5<chiso range<12 	79.6656	36.063	43.4777	33.5882	46.3423	0.607816	0.275421
20 <pt<25 	5<chiso range<13 	79.6656	36.063	43.4777	31.6596	48.1812	1.14853	0.458194
20 <pt<25 	6<chiso range<11 	79.6656	36.063	43.4777	35.3596	44.9958	0.163142	0.14347
20 <pt<25 	6<chiso range<12 	79.6656	36.063	43.4777	33.47	46.6729	0.637102	0.306482
20 <pt<25 	6<chiso range<13 	79.6656	36.063	43.4777	31.1121	48.8967	1.31073	0.528358
20 <pt<25 	7<chiso range<12 	79.6656	36.063	43.4777	30.7323	49.0074	1.43423	0.542468
20 <pt<25 	7<chiso range<13 	79.6656	36.063	43.4777	28.2404	51.3921	2.29318	0.789112
20 <pt<25 	8<chiso range<13 	79.6656	36.063	43.4777	24.5523	54.6764	3.90214	1.14646
#######################################################################################
25 <pt<30 	3<chiso range<8 	47.1372	17.3003	29.762	17.0097	29.8233	0.0903152	0.00774703
25 <pt<30 	3<chiso range<9 	47.1372	17.3003	29.762	16.7487	30.0114	0.174503	0.0316849
25 <pt<30 	3<chiso range<10 	47.1372	17.3003	29.762	17.4101	29.2259	0.0335687	0.0678061
25 <pt<30 	3<chiso range<11 	47.1372	17.3003	29.762	17.2202	29.4789	0.0247047	0.0358254
25 <pt<30 	3<chiso range<12 	47.1372	17.3003	29.762	16.3837	30.2153	0.297959	0.0581047
25 <pt<30 	3<chiso range<13 	47.1372	17.3003	29.762	15.9505	30.573	0.451701	0.10471
25 <pt<30 	4<chiso range<9 	47.1372	17.3003	29.762	15.5791	31.3262	0.582163	0.200698
25 <pt<30 	4<chiso range<10 	47.1372	17.3003	29.762	16.5753	30.1451	0.232034	0.0488249
25 <pt<30 	4<chiso range<11 	47.1372	17.3003	29.762	16.4295	30.3626	0.280482	0.0765257
25 <pt<30 	4<chiso range<12 	47.1372	17.3003	29.762	15.5157	31.1402	0.611093	0.178185
25 <pt<30 	4<chiso range<13 	47.1372	17.3003	29.762	15.0696	31.4899	0.788838	0.225175
25 <pt<30 	5<chiso range<10 	47.1372	17.3003	29.762	16.9694	29.6644	0.103764	0.0124103
25 <pt<30 	5<chiso range<11 	47.1372	17.3003	29.762	16.7425	29.9864	0.176709	0.0285354
25 <pt<30 	5<chiso range<12 	47.1372	17.3003	29.762	15.612	30.9698	0.575993	0.156301
25 <pt<30 	5<chiso range<13 	47.1372	17.3003	29.762	15.0793	31.4011	0.78698	0.214051
25 <pt<30 	6<chiso range<11 	47.1372	17.3003	29.762	16.8685	30.0968	0.134676	0.0422118
25 <pt<30 	6<chiso range<12 	47.1372	17.3003	29.762	15.5246	31.2166	0.605826	0.187541
25 <pt<30 	6<chiso range<13 	47.1372	17.3003	29.762	14.9199	31.6802	0.848848	0.250065
25 <pt<30 	7<chiso range<12 	47.1372	17.3003	29.762	14.555	32.0223	1.0041	0.296086
25 <pt<30 	7<chiso range<13 	47.1372	17.3003	29.762	13.9655	32.482	1.27661	0.360029
25 <pt<30 	8<chiso range<13 	47.1372	17.3003	29.762	14.0913	32.0302	1.23058	0.30248
#######################################################################################
30 <pt<35 	3<chiso range<8 	28.3826	9.41484	19.0188	8.15895	20.174	0.602513	0.196899
30 <pt<35 	3<chiso range<9 	28.3826	9.41484	19.0188	7.90159	20.436	0.749059	0.242651
30 <pt<35 	3<chiso range<10 	28.3826	9.41484	19.0188	7.92442	20.448	0.73407	0.244196
30 <pt<35 	3<chiso range<11 	28.3826	9.41484	19.0188	8.18124	20.2408	0.586956	0.207305
30 <pt<35 	3<chiso range<12 	28.3826	9.41484	19.0188	8.05427	20.3941	0.656319	0.233564
30 <pt<35 	3<chiso range<13 	28.3826	9.41484	19.0188	7.93179	20.4362	0.729973	0.242199
30 <pt<35 	4<chiso range<9 	28.3826	9.41484	19.0188	7.69021	20.7288	0.8724	0.292783
30 <pt<35 	4<chiso range<10 	28.3826	9.41484	19.0188	7.73981	20.7189	0.839854	0.290276
30 <pt<35 	4<chiso range<11 	28.3826	9.41484	19.0188	8.07194	20.4466	0.643564	0.241591
30 <pt<35 	4<chiso range<12 	28.3826	9.41484	19.0188	7.92417	20.622	0.726239	0.27166
30 <pt<35 	4<chiso range<13 	28.3826	9.41484	19.0188	7.79184	20.6404	0.809751	0.276957
30 <pt<35 	5<chiso range<10 	28.3826	9.41484	19.0188	8.15564	20.3752	0.596902	0.229018
30 <pt<35 	5<chiso range<11 	28.3826	9.41484	19.0188	8.52048	20.083	0.404227	0.177806
30 <pt<35 	5<chiso range<12 	28.3826	9.41484	19.0188	8.29399	20.336	0.519311	0.220753
30 <pt<35 	5<chiso range<13 	28.3826	9.41484	19.0188	8.10473	20.3722	0.627003	0.229324
30 <pt<35 	6<chiso range<11 	28.3826	9.41484	19.0188	8.28575	20.5599	0.516488	0.255662
30 <pt<35 	6<chiso range<12 	28.3826	9.41484	19.0188	8.03536	20.8185	0.650057	0.299908
30 <pt<35 	6<chiso range<13 	28.3826	9.41484	19.0188	7.8563	20.7541	0.76267	0.293523
30 <pt<35 	7<chiso range<12 	28.3826	9.41484	19.0188	7.2713	21.4202	1.12548	0.408989
30 <pt<35 	7<chiso range<13 	28.3826	9.41484	19.0188	7.14228	21.3058	1.23293	0.394789
30 <pt<35 	8<chiso range<13 	28.3826	9.41484	19.0188	7.54203	20.8945	0.964705	0.321762
#######################################################################################
35 <pt<50 	3<chiso range<8 	39.8895	9.41484	30.436	7.52514	31.9647	0.933176	0.228723
35 <pt<50 	3<chiso range<9 	39.8895	9.41484	30.436	7.70111	31.7873	0.82713	0.201664
35 <pt<50 	3<chiso range<10 	39.8895	9.41484	30.436	7.22613	32.2282	1.12797	0.269675
35 <pt<50 	3<chiso range<11 	39.8895	9.41484	30.436	7.0651	32.3781	1.23941	0.293036
35 <pt<50 	3<chiso range<12 	39.8895	9.41484	30.436	7.58269	31.9061	0.898042	0.219786
35 <pt<50 	3<chiso range<13 	39.8895	9.41484	30.436	7.44954	32.0156	0.981963	0.236829
35 <pt<50 	4<chiso range<9 	39.8895	9.41484	30.436	7.81211	31.6744	0.762776	0.18453
35 <pt<50 	4<chiso range<10 	39.8895	9.41484	30.436	7.21513	32.2294	1.13617	0.270009
35 <pt<50 	4<chiso range<11 	39.8895	9.41484	30.436	7.02455	32.4082	1.26905	0.29789
35 <pt<50 	4<chiso range<12 	39.8895	9.41484	30.436	7.63663	31.8513	0.865579	0.21144
35 <pt<50 	4<chiso range<13 	39.8895	9.41484	30.436	7.47799	31.9819	0.964471	0.231734
35 <pt<50 	5<chiso range<10 	39.8895	9.41484	30.436	6.80826	32.6218	1.42779	0.331167
35 <pt<50 	5<chiso range<11 	39.8895	9.41484	30.436	6.63475	32.7829	1.56385	0.3566
35 <pt<50 	5<chiso range<12 	39.8895	9.41484	30.436	7.39731	32.086	1.01398	0.247419
35 <pt<50 	5<chiso range<13 	39.8895	9.41484	30.436	7.22805	32.2231	1.12704	0.268952
35 <pt<50 	6<chiso range<11 	39.8895	9.41484	30.436	6.55678	32.8793	1.62477	0.371401
35 <pt<50 	6<chiso range<12 	39.8895	9.41484	30.436	7.46738	32.0485	0.967547	0.241258
35 <pt<50 	6<chiso range<13 	39.8895	9.41484	30.436	7.2639	32.2095	1.10149	0.26655
35 <pt<50 	7<chiso range<12 	39.8895	9.41484	30.436	7.86522	31.7053	0.728547	0.188398
35 <pt<50 	7<chiso range<13 	39.8895	9.41484	30.436	7.5719	31.9349	0.903628	0.223997
35 <pt<50 	8<chiso range<13 	39.8895	9.41484	30.436	7.33509	32.0941	1.05786	0.249359
#######################################################################################
50 <pt<60 	3<chiso range<8 	11.8087	3.5887	8.18255	2.24066	9.5461	1.08945	0.380298
50 <pt<60 	3<chiso range<9 	11.8087	3.5887	8.18255	2.02054	9.73865	1.41278	0.44097
50 <pt<60 	3<chiso range<10 	11.8087	3.5887	8.18255	2.07899	9.67454	1.32481	0.421747
50 <pt<60 	3<chiso range<11 	11.8087	3.5887	8.18255	2.05477	9.67699	1.36976	0.424163
50 <pt<60 	3<chiso range<12 	11.8087	3.5887	8.18255	1.99342	9.73199	1.46998	0.441573
50 <pt<60 	3<chiso range<13 	11.8087	3.5887	8.18255	2.15442	9.55531	1.23024	0.38861
50 <pt<60 	4<chiso range<9 	11.8087	3.5887	8.18255	1.94605	9.78776	1.54607	0.458139
50 <pt<60 	4<chiso range<10 	11.8087	3.5887	8.18255	2.01665	9.71435	1.43005	0.435701
50 <pt<60 	4<chiso range<11 	11.8087	3.5887	8.18255	1.99728	9.71543	1.46876	0.437455
50 <pt<60 	4<chiso range<12 	11.8087	3.5887	8.18255	1.93782	9.77056	1.57123	0.454841
50 <pt<60 	4<chiso range<13 	11.8087	3.5887	8.18255	2.11032	9.58396	1.29947	0.398465
50 <pt<60 	5<chiso range<10 	11.8087	3.5887	8.18255	2.1822	9.53781	1.18805	0.382557
50 <pt<60 	5<chiso range<11 	11.8087	3.5887	8.18255	2.13107	9.56947	1.26685	0.393585
50 <pt<60 	5<chiso range<12 	11.8087	3.5887	8.18255	2.04181	9.65549	1.40313	0.420173
50 <pt<60 	5<chiso range<13 	11.8087	3.5887	8.18255	2.24146	9.44042	1.12017	0.355684
50 <pt<60 	6<chiso range<11 	11.8087	3.5887	8.18255	2.05255	9.68498	1.37101	0.426172
50 <pt<60 	6<chiso range<12 	11.8087	3.5887	8.18255	1.9642	9.7631	1.51788	0.45103
50 <pt<60 	6<chiso range<13 	11.8087	3.5887	8.18255	2.19423	9.5109	1.17636	0.375441
50 <pt<60 	7<chiso range<12 	11.8087	3.5887	8.18255	1.92024	9.79714	1.59822	0.462367
50 <pt<60 	7<chiso range<13 	11.8087	3.5887	8.18255	2.19179	9.5021	1.18333	0.373553
50 <pt<60 	8<chiso range<13 	11.8087	3.5887	8.18255	2.03888	9.61189	1.42576	0.410215
#######################################################################################
60 <pt<400 	3<chiso range<8 	21.0544	2.82511	18.1964	3.65669	17.3808	0.434139	0.166004
60 <pt<400 	3<chiso range<9 	21.0544	2.82511	18.1964	3.03963	17.9401	0.135518	0.0538063
60 <pt<400 	3<chiso range<10 	21.0544	2.82511	18.1964	2.94899	18.0033	0.0810823	0.0407793
60 <pt<400 	3<chiso range<11 	21.0544	2.82511	18.1964	2.97361	17.9797	0.0964123	0.0457166
60 <pt<400 	3<chiso range<12 	21.0544	2.82511	18.1964	2.9482	18.0035	0.080598	0.0407405
60 <pt<400 	3<chiso range<13 	21.0544	2.82511	18.1964	3.21793	17.7497	0.235815	0.0932354
60 <pt<400 	4<chiso range<9 	21.0544	2.82511	18.1964	2.43132	18.5315	0.311274	0.072087
60 <pt<400 	4<chiso range<10 	21.0544	2.82511	18.1964	2.46762	18.4772	0.279875	0.0604167
60 <pt<400 	4<chiso range<11 	21.0544	2.82511	18.1964	2.5499	18.3995	0.208538	0.0435577
60 <pt<400 	4<chiso range<12 	21.0544	2.82511	18.1964	2.58346	18.3685	0.180708	0.0368582
60 <pt<400 	4<chiso range<13 	21.0544	2.82511	18.1964	2.89125	18.1006	0.0442245	0.0202312
60 <pt<400 	5<chiso range<10 	21.0544	2.82511	18.1964	2.82388	18.1802	0.000839315	0.00342632
60 <pt<400 	5<chiso range<11 	21.0544	2.82511	18.1964	2.87249	18.1301	0.0318006	0.0139982
60 <pt<400 	5<chiso range<12 	21.0544	2.82511	18.1964	2.85916	18.1423	0.0229655	0.0114293
60 <pt<400 	5<chiso range<13 	21.0544	2.82511	18.1964	3.18297	17.788	0.21689	0.0853319
60 <pt<400 	6<chiso range<11 	21.0544	2.82511	18.1964	2.6203	18.336	0.151516	0.0298571
60 <pt<400 	6<chiso range<12 	21.0544	2.82511	18.1964	2.65017	18.31	0.127877	0.0242628
60 <pt<400 	6<chiso range<13 	21.0544	2.82511	18.1964	3.01609	17.9262	0.122679	0.0569692
60 <pt<400 	7<chiso range<12 	21.0544	2.82511	18.1964	2.92948	18.0491	0.0691114	0.0310979
60 <pt<400 	7<chiso range<13 	21.0544	2.82511	18.1964	3.31884	17.6369	0.288652	0.116447
60 <pt<400 	8<chiso range<13 	21.0544	2.82511	18.1964	2.8448	18.1327	0.0134255	0.013493
#######################################################################################
