pt: 20 ~ 25
*	3	4	5	6	7	8
8	2.55
9	2.21	1.70
10	2.30	1.87	2.92
11	2.01	1.58	2.37	1.43
12	1.88	1.46	2.14	1.29	0.73
13	2.202	1.856	2.590	1.858	1.445	1.672
############################################################
pt: 25 ~ 30
*	3	4	5	6	7	8
8	0.36
9	0.39	0.59
10	0.16	0.27	0.60
11	0.29	0.43	0.77	0.94
12	0.55	0.73	1.12	1.35	0.90
13	0.327	0.444	0.718	0.837	0.381	0.277
############################################################
pt: 30 ~ 40
*	3	4	5	6	7	8
8	4.04
9	3.84	3.29
10	4.07	3.62	3.46
11	4.16	3.78	3.67	4.59
12	5.12	4.84	4.96	6.17	8.58
13	5.247	4.995	5.143	6.310	8.534	7.537
############################################################
pt: 40 ~ 60
*	3	4	5	6	7	8
8	1.92
9	1.48	1.37
10	1.32	1.19	0.98
11	1.43	1.34	1.18	1.30
12	1.65	1.59	1.49	1.65	1.89
13	1.645	1.590	1.499	1.647	1.844	1.328
############################################################
pt: 60 ~ 400
*	3	4	5	6	7	8
8	1.87
9	1.71	1.91
10	1.63	1.80	1.51
11	1.74	1.90	1.67	1.58
12	1.63	1.76	1.52	1.42	1.40
13	1.529	1.639	1.414	1.304	1.263	1.141
############################################################
