pt: 20 ~ 25
*	3	4	5	6	7	8
8	1.65
9	1.63	1.72
10	1.57	1.63	1.77
11	1.44	1.48	1.57	1.50
12	1.39	1.42	1.49	1.41	1.08
13	1.338	1.362	1.420	1.332	1.024	0.923
############################################################
pt: 25 ~ 30
*	3	4	5	6	7	8
8	0.76
9	0.83	0.87
10	0.81	0.84	0.70
11	0.76	0.77	0.64	0.69
12	0.70	0.70	0.57	0.60	0.72
13	0.595	0.585	0.442	0.441	0.521	0.374
############################################################
pt: 30 ~ 40
*	3	4	5	6	7	8
8	0.50
9	0.48	0.56
10	0.30	0.33	0.12
11	0.18	0.19	0.02	0.10
12	0.15	0.15	0.04	0.12	0.28
13	0.047	0.034	0.166	0.251	0.424	0.571
############################################################
pt: 40 ~ 50
*	3	4	5	6	7	8
8	0.15
9	0.06	0.05
10	0.09	0.08	0.05
11	0.11	0.10	0.01	0.06
12	0.08	0.07	0.03	0.08	0.09
13	0.100	0.096	0.012	0.022	0.024	0.043
############################################################
pt: 50 ~ 60
*	3	4	5	6	7	8
8	0.58
9	0.42	0.30
10	0.45	0.36	0.31
11	0.36	0.26	0.21	0.14
12	0.35	0.27	0.22	0.17	0.18
13	0.366	0.292	0.255	0.221	0.232	0.086
############################################################
pt: 60 ~ 400
*	3	4	5	6	7	8
8	0.05
9	0.09	0.06
10	0.05	0.02	0.04
11	0.14	0.14	0.17	0.12
12	0.21	0.21	0.25	0.22	0.33
13	0.272	0.281	0.328	0.311	0.436	0.518
############################################################
