pt range	chiso range	DataNumber	FakeNumber	TrueNumber	fitFake_number	fitTrue_number	closureFake_test	closureTrue_test
#######################################################################################
20 <pt<25 	3<chiso range<8 	347.517	84.3725	136.307	120.464	102.689	3.26561	1.81205
20 <pt<25 	3<chiso range<9 	347.517	84.3725	136.307	118.883	104.25	3.16346	1.73548
20 <pt<25 	3<chiso range<10 	347.517	84.3725	136.307	117.156	105.991	3.04946	1.64973
20 <pt<25 	3<chiso range<11 	347.517	84.3725	136.307	115.462	107.695	2.93427	1.56483
20 <pt<25 	3<chiso range<12 	347.517	84.3725	136.307	114.192	108.868	2.84659	1.50654
20 <pt<25 	3<chiso range<13 	347.517	84.3725	136.307	111.335	111.742	2.63945	1.3598
20 <pt<25 	4<chiso range<9 	347.517	84.3725	136.307	115.075	108.088	2.90754	1.54516
20 <pt<25 	4<chiso range<10 	347.517	84.3725	136.307	113.561	109.54	2.80238	1.47292
20 <pt<25 	4<chiso range<11 	347.517	84.3725	136.307	112.077	111.044	2.69502	1.39623
20 <pt<25 	4<chiso range<12 	347.517	84.3725	136.307	111.125	111.973	2.62411	1.34813
20 <pt<25 	4<chiso range<13 	347.517	84.3725	136.307	108.251	114.861	2.40399	1.19783
20 <pt<25 	5<chiso range<10 	347.517	84.3725	136.307	111.916	111.216	2.68335	1.38752
20 <pt<25 	5<chiso range<11 	347.517	84.3725	136.307	110.403	112.748	2.57063	1.30858
20 <pt<25 	5<chiso range<12 	347.517	84.3725	136.307	109.516	113.602	2.50246	1.26379
20 <pt<25 	5<chiso range<13 	347.517	84.3725	136.307	106.419	116.712	2.25769	1.10021
20 <pt<25 	6<chiso range<11 	347.517	84.3725	136.307	109.763	113.378	2.52175	1.2757
20 <pt<25 	6<chiso range<12 	347.517	84.3725	136.307	108.788	114.319	2.44595	1.22619
20 <pt<25 	6<chiso range<13 	347.517	84.3725	136.307	105.24	117.883	2.16058	1.03772
20 <pt<25 	7<chiso range<12 	347.517	84.3725	136.307	106.325	116.791	2.24982	1.09588
20 <pt<25 	7<chiso range<13 	347.517	84.3725	136.307	102.521	120.611	1.92863	0.890745
20 <pt<25 	8<chiso range<13 	347.517	84.3725	136.307	101.009	122.098	1.79397	0.80945
#######################################################################################
25 <pt<30 	3<chiso range<8 	183.945	41.9398	76.1374	49.649	69.7917	1.03665	0.481366
25 <pt<30 	3<chiso range<9 	183.945	41.9398	76.1374	48.2071	71.2418	0.867955	0.374811
25 <pt<30 	3<chiso range<10 	183.945	41.9398	76.1374	47.6807	71.7674	0.803849	0.335712
25 <pt<30 	3<chiso range<11 	183.945	41.9398	76.1374	47.2403	72.2066	0.748809	0.302691
25 <pt<30 	3<chiso range<12 	183.945	41.9398	76.1374	46.7802	72.6656	0.690536	0.26813
25 <pt<30 	3<chiso range<13 	183.945	41.9398	76.1374	46.1554	73.2899	0.609493	0.220769
25 <pt<30 	4<chiso range<9 	183.945	41.9398	76.1374	47.2048	72.2423	0.744305	0.299988
25 <pt<30 	4<chiso range<10 	183.945	41.9398	76.1374	46.7406	72.7048	0.685473	0.26517
25 <pt<30 	4<chiso range<11 	183.945	41.9398	76.1374	46.3576	73.0907	0.635689	0.235815
25 <pt<30 	4<chiso range<12 	183.945	41.9398	76.1374	45.9388	73.5074	0.58069	0.204105
25 <pt<30 	4<chiso range<13 	183.945	41.9398	76.1374	45.3223	74.1221	0.497891	0.15702
25 <pt<30 	5<chiso range<10 	183.945	41.9398	76.1374	45.0891	74.3564	0.466172	0.139036
25 <pt<30 	5<chiso range<11 	183.945	41.9398	76.1374	44.9102	74.5334	0.441216	0.125287
25 <pt<30 	5<chiso range<12 	183.945	41.9398	76.1374	44.5838	74.9252	0.395718	0.0948684
25 <pt<30 	5<chiso range<13 	183.945	41.9398	76.1374	44.0362	75.4627	0.317696	0.0529916
25 <pt<30 	6<chiso range<11 	183.945	41.9398	76.1374	45.9512	73.5053	0.582147	0.204194
25 <pt<30 	6<chiso range<12 	183.945	41.9398	76.1374	45.4421	74.0088	0.513993	0.165669
25 <pt<30 	6<chiso range<13 	183.945	41.9398	76.1374	44.6913	74.7549	0.410638	0.108117
25 <pt<30 	7<chiso range<12 	183.945	41.9398	76.1374	44.3921	75.1214	0.368437	0.0795727
25 <pt<30 	7<chiso range<13 	183.945	41.9398	76.1374	43.672	75.8226	0.264578	0.0247697
25 <pt<30 	8<chiso range<13 	183.945	41.9398	76.1374	42.3379	77.1348	0.0627306	0.0791405
#######################################################################################
30 <pt<40 	3<chiso range<8 	183.916	34.0901	84.2651	37.9908	81.2798	0.586623	0.234369
30 <pt<40 	3<chiso range<9 	183.916	34.0901	84.2651	36.7606	82.5229	0.414879	0.137912
30 <pt<40 	3<chiso range<10 	183.916	34.0901	84.2651	36.6027	82.6848	0.392064	0.125246
30 <pt<40 	3<chiso range<11 	183.916	34.0901	84.2651	36.3979	82.8966	0.36219	0.108633
30 <pt<40 	3<chiso range<12 	183.916	34.0901	84.2651	36.0543	83.1752	0.311141	0.0867479
30 <pt<40 	3<chiso range<13 	183.916	34.0901	84.2651	35.4797	83.75	0.223675	0.0411619
30 <pt<40 	4<chiso range<9 	183.916	34.0901	84.2651	36.2758	83.0146	0.344014	0.0993012
30 <pt<40 	4<chiso range<10 	183.916	34.0901	84.2651	36.2044	83.0188	0.333417	0.0990566
30 <pt<40 	4<chiso range<11 	183.916	34.0901	84.2651	36.0269	83.1992	0.306985	0.0848397
30 <pt<40 	4<chiso range<12 	183.916	34.0901	84.2651	35.6438	83.5828	0.248904	0.0544529
30 <pt<40 	4<chiso range<13 	183.916	34.0901	84.2651	35.0451	84.1748	0.155628	0.00723819
30 <pt<40 	5<chiso range<10 	183.916	34.0901	84.2651	35.2014	84.0169	0.180264	0.0198698
30 <pt<40 	5<chiso range<11 	183.916	34.0901	84.2651	35.1449	84.0777	0.171416	0.0150122
30 <pt<40 	5<chiso range<12 	183.916	34.0901	84.2651	34.8166	84.4044	0.119174	0.0111844
30 <pt<40 	5<chiso range<13 	183.916	34.0901	84.2651	34.2274	84.9897	0.0229091	0.0584138
30 <pt<40 	6<chiso range<11 	183.916	34.0901	84.2651	34.7911	84.4312	0.115079	0.0133389
30 <pt<40 	6<chiso range<12 	183.916	34.0901	84.2651	34.4625	84.7576	0.0617156	0.0396404
30 <pt<40 	6<chiso range<13 	183.916	34.0901	84.2651	33.8381	85.3773	0.0425311	0.0899016
30 <pt<40 	7<chiso range<12 	183.916	34.0901	84.2651	33.9765	85.2377	0.0190934	0.0785368
30 <pt<40 	7<chiso range<13 	183.916	34.0901	84.2651	33.3174	85.8913	0.132437	0.131906
30 <pt<40 	8<chiso range<13 	183.916	34.0901	84.2651	32.7693	86.4354	0.230176	0.176704
#######################################################################################
40 <pt<50 	3<chiso range<8 	84.5304	13.1859	45.1201	11.8565	46.6017	0.364263	0.176812
40 <pt<50 	3<chiso range<9 	84.5304	13.1859	45.1201	11.9172	46.5391	0.345859	0.169165
40 <pt<50 	3<chiso range<10 	84.5304	13.1859	45.1201	11.8922	46.5565	0.353384	0.171279
40 <pt<50 	3<chiso range<11 	84.5304	13.1859	45.1201	11.8401	46.604	0.369218	0.177077
40 <pt<50 	3<chiso range<12 	84.5304	13.1859	45.1201	11.7203	46.7238	0.406167	0.191746
40 <pt<50 	3<chiso range<13 	84.5304	13.1859	45.1201	11.4761	46.9645	0.483858	0.221384
40 <pt<50 	4<chiso range<9 	84.5304	13.1859	45.1201	11.8876	46.5588	0.354773	0.171557
40 <pt<50 	4<chiso range<10 	84.5304	13.1859	45.1201	11.8607	46.58	0.362941	0.174146
40 <pt<50 	4<chiso range<11 	84.5304	13.1859	45.1201	11.8034	46.634	0.380474	0.18075
40 <pt<50 	4<chiso range<12 	84.5304	13.1859	45.1201	11.6733	46.7643	0.420872	0.196718
40 <pt<50 	4<chiso range<13 	84.5304	13.1859	45.1201	11.4064	47.0278	0.506639	0.229214
40 <pt<50 	5<chiso range<10 	84.5304	13.1859	45.1201	12.3724	46.0706	0.213665	0.112444
40 <pt<50 	5<chiso range<11 	84.5304	13.1859	45.1201	12.2263	46.2135	0.255046	0.129661
40 <pt<50 	5<chiso range<12 	84.5304	13.1859	45.1201	12.0129	46.4265	0.317234	0.155452
40 <pt<50 	5<chiso range<13 	84.5304	13.1859	45.1201	11.6607	46.7749	0.424843	0.198023
40 <pt<50 	6<chiso range<11 	84.5304	13.1859	45.1201	11.9201	46.5148	0.345032	0.166216
40 <pt<50 	6<chiso range<12 	84.5304	13.1859	45.1201	11.7228	46.7117	0.405422	0.190272
40 <pt<50 	6<chiso range<13 	84.5304	13.1859	45.1201	11.3633	47.0667	0.520886	0.23404
40 <pt<50 	7<chiso range<12 	84.5304	13.1859	45.1201	11.3644	47.0617	0.520623	0.233448
40 <pt<50 	7<chiso range<13 	84.5304	13.1859	45.1201	11.0088	47.4117	0.642156	0.277053
40 <pt<50 	8<chiso range<13 	84.5304	13.1859	45.1201	11.0341	47.3889	0.633205	0.274185
#######################################################################################
50 <pt<65 	3<chiso range<8 	58.4468	7.14823	36.1475	6.78328	36.4977	0.134447	0.0500273
50 <pt<65 	3<chiso range<9 	58.4468	7.14823	36.1475	6.84094	36.4394	0.112272	0.0416482
50 <pt<65 	3<chiso range<10 	58.4468	7.14823	36.1475	6.6701	36.6121	0.179088	0.0665311
50 <pt<65 	3<chiso range<11 	58.4468	7.14823	36.1475	6.42859	36.8629	0.279614	0.102956
50 <pt<65 	3<chiso range<12 	58.4468	7.14823	36.1475	6.21728	37.071	0.373993	0.133504
50 <pt<65 	3<chiso range<13 	58.4468	7.14823	36.1475	6.27867	37.012	0.345883	0.124808
50 <pt<65 	4<chiso range<9 	58.4468	7.14823	36.1475	6.36024	36.9276	0.309544	0.112445
50 <pt<65 	4<chiso range<10 	58.4468	7.14823	36.1475	6.24125	37.0488	0.362926	0.130224
50 <pt<65 	4<chiso range<11 	58.4468	7.14823	36.1475	6.029	37.2603	0.463499	0.161491
50 <pt<65 	4<chiso range<12 	58.4468	7.14823	36.1475	5.84871	37.4356	0.554713	0.18762
50 <pt<65 	4<chiso range<13 	58.4468	7.14823	36.1475	5.95031	37.3378	0.502616	0.173018
50 <pt<65 	5<chiso range<10 	58.4468	7.14823	36.1475	6.20648	37.0842	0.378919	0.135436
50 <pt<65 	5<chiso range<11 	58.4468	7.14823	36.1475	5.95984	37.3298	0.497797	0.17182
50 <pt<65 	5<chiso range<12 	58.4468	7.14823	36.1475	5.76167	37.5214	0.600742	0.20047
50 <pt<65 	5<chiso range<13 	58.4468	7.14823	36.1475	5.88682	37.4011	0.534913	0.182456
50 <pt<65 	6<chiso range<11 	58.4468	7.14823	36.1475	6.00106	37.292	0.477222	0.166191
50 <pt<65 	6<chiso range<12 	58.4468	7.14823	36.1475	5.76096	37.5232	0.601073	0.20073
50 <pt<65 	6<chiso range<13 	58.4468	7.14823	36.1475	5.90525	37.3848	0.525433	0.180016
50 <pt<65 	7<chiso range<12 	58.4468	7.14823	36.1475	5.79719	37.4859	0.581823	0.195155
50 <pt<65 	7<chiso range<13 	58.4468	7.14823	36.1475	5.96671	37.3228	0.494354	0.170779
50 <pt<65 	8<chiso range<13 	58.4468	7.14823	36.1475	5.71784	37.5696	0.624305	0.207681
#######################################################################################
65 <pt<400 	3<chiso range<8 	69.2519	5.75177	50.5936	5.20355	51.1814	0.279059	0.076949
65 <pt<400 	3<chiso range<9 	69.2519	5.75177	50.5936	4.91229	51.4726	0.452555	0.115486
65 <pt<400 	3<chiso range<10 	69.2519	5.75177	50.5936	4.91771	51.466	0.449144	0.114609
65 <pt<400 	3<chiso range<11 	69.2519	5.75177	50.5936	4.95149	51.4336	0.428024	0.110303
65 <pt<400 	3<chiso range<12 	69.2519	5.75177	50.5936	4.80373	51.5796	0.522592	0.129726
65 <pt<400 	3<chiso range<13 	69.2519	5.75177	50.5936	4.79076	51.5918	0.531156	0.131351
65 <pt<400 	4<chiso range<9 	69.2519	5.75177	50.5936	4.80317	51.5784	0.522982	0.129568
65 <pt<400 	4<chiso range<10 	69.2519	5.75177	50.5936	4.82764	51.5544	0.506959	0.126373
65 <pt<400 	4<chiso range<11 	69.2519	5.75177	50.5936	4.87948	51.5033	0.473425	0.119569
65 <pt<400 	4<chiso range<12 	69.2519	5.75177	50.5936	4.73036	51.6357	0.57186	0.137304
65 <pt<400 	4<chiso range<13 	69.2519	5.75177	50.5936	4.72565	51.64	0.57506	0.137879
65 <pt<400 	5<chiso range<10 	69.2519	5.75177	50.5936	4.77175	51.5971	0.544087	0.132156
65 <pt<400 	5<chiso range<11 	69.2519	5.75177	50.5936	4.83924	51.543	0.499401	0.124855
65 <pt<400 	5<chiso range<12 	69.2519	5.75177	50.5936	4.67631	51.6842	0.609105	0.143812
65 <pt<400 	5<chiso range<13 	69.2519	5.75177	50.5936	4.67848	51.6824	0.607587	0.14357
65 <pt<400 	6<chiso range<11 	69.2519	5.75177	50.5936	4.57591	51.8067	0.680439	0.16004
65 <pt<400 	6<chiso range<12 	69.2519	5.75177	50.5936	4.4305	51.9526	0.789525	0.179591
65 <pt<400 	6<chiso range<13 	69.2519	5.75177	50.5936	4.47034	51.9128	0.758894	0.174249
65 <pt<400 	7<chiso range<12 	69.2519	5.75177	50.5936	4.41385	51.9697	0.802462	0.181886
65 <pt<400 	7<chiso range<13 	69.2519	5.75177	50.5936	4.46383	51.9196	0.763835	0.17516
65 <pt<400 	8<chiso range<13 	69.2519	5.75177	50.5936	4.43405	51.9494	0.786713	0.179158
#######################################################################################
