pt: 20 ~ 25
*	3	4	5	6	7	8
8	3.27
9	3.16	2.91
10	3.05	2.80	2.68
11	2.93	2.70	2.57	2.52
12	2.85	2.62	2.50	2.45	2.25
13	2.639	2.404	2.258	2.161	1.929	1.794
############################################################
pt: 25 ~ 30
*	3	4	5	6	7	8
8	1.04
9	0.87	0.74
10	0.80	0.69	0.47
11	0.75	0.64	0.44	0.58
12	0.69	0.58	0.40	0.51	0.37
13	0.609	0.498	0.318	0.411	0.265	0.063
############################################################
pt: 30 ~ 40
*	3	4	5	6	7	8
8	0.59
9	0.41	0.34
10	0.39	0.33	0.18
11	0.36	0.31	0.17	0.12
12	0.31	0.25	0.12	0.06	0.02
13	0.224	0.156	0.023	0.043	0.132	0.230
############################################################
pt: 40 ~ 50
*	3	4	5	6	7	8
8	0.36
9	0.35	0.35
10	0.35	0.36	0.21
11	0.37	0.38	0.26	0.35
12	0.41	0.42	0.32	0.41	0.52
13	0.484	0.507	0.425	0.521	0.642	0.633
############################################################
pt: 50 ~ 65
*	3	4	5	6	7	8
8	0.13
9	0.11	0.31
10	0.18	0.36	0.38
11	0.28	0.46	0.50	0.48
12	0.37	0.55	0.60	0.60	0.58
13	0.346	0.503	0.535	0.525	0.494	0.624
############################################################
pt: 65 ~ 400
*	3	4	5	6	7	8
8	0.28
9	0.45	0.52
10	0.45	0.51	0.54
11	0.43	0.47	0.50	0.68
12	0.52	0.57	0.61	0.79	0.80
13	0.531	0.575	0.608	0.759	0.764	0.787
############################################################
