pt: 20 ~ 25
*	3	4	5	6	7	8
8	0.01
9	0.42	0.52
10	0.73	0.03	0.10
11	0.85	0.25	0.35	0.09
12	0.67	0.10	0.16	0.11	0.85
13	0.527	0.017	0.020	0.234	0.554	1.193
############################################################
pt: 25 ~ 30
*	3	4	5	6	7	8
8	0.67
9	1.10	0.71
10	0.95	0.59	0.74
11	1.21	0.94	1.14	1.29
12	1.47	1.27	1.49	1.68	2.11
13	1.295	1.089	1.260	1.395	1.727	2.015
############################################################
pt: 30 ~ 40
*	3	4	5	6	7	8
8	0.37
9	0.14	0.26
10	0.34	0.49	0.96
11	0.03	0.11	0.42	0.63
12	0.02	0.09	0.34	0.51	0.11
13	0.092	0.165	0.409	0.570	0.038	0.240
############################################################
pt: 40 ~ 50
*	3	4	5	6	7	8
8	0.43
9	0.32	0.39
10	0.40	0.47	0.42
11	0.21	0.25	0.16	0.38
12	0.34	0.38	0.33	0.54	0.16
13	0.411	0.465	0.428	0.632	0.310	0.380
############################################################
pt: 50 ~ 65
*	3	4	5	6	7	8
8	0.42
9	0.95	1.25
10	0.90	1.15	0.89
11	1.18	1.46	1.29	1.66
12	1.40	1.70	1.59	2.01	2.19
13	1.544	1.847	1.763	2.191	2.376	3.772
############################################################
pt: 65 ~ 100
*	3	4	5	6	7	8
8	0.17
9	0.06	0.07
10	0.22	0.25	0.40
11	0.34	0.39	0.55	0.65
12	0.38	0.43	0.58	0.66	0.87
13	0.470	0.534	0.676	0.775	0.975	0.877
############################################################
pt: 100 ~ 400
*	3	4	5	6	7	8
8	1.30
9	1.35	1.51
10	0.59	0.60	0.85
11	0.57	0.57	0.77	0.44
12	0.70	0.72	0.93	0.63	0.51
13	0.557	0.560	0.701	0.450	0.346	0.015
############################################################
