pt: 20 ~ 25
*	3	4	5	6	7	8
8	1.04
9	1.36	0.38
10	1.59	0.83	0.83
11	1.68	1.03	1.07	0.73
12	1.53	0.91	0.92	0.60	1.49
13	1.344	0.741	0.729	0.410	1.125	1.722
############################################################
pt: 25 ~ 30
*	3	4	5	6	7	8
8	1.48
9	1.78	1.35
10	1.59	1.17	1.22
11	1.77	1.45	1.54	1.62
12	1.95	1.69	1.81	1.93	2.20
13	1.764	1.500	1.581	1.647	1.845	2.092
############################################################
pt: 30 ~ 40
*	3	4	5	6	7	8
8	0.05
9	0.22	0.00
10	0.05	0.18	0.58
11	0.29	0.15	0.12	0.35
12	0.27	0.13	0.10	0.30	0.17
13	0.191	0.056	0.171	0.357	0.043	0.372
############################################################
pt: 40 ~ 50
*	3	4	5	6	7	8
8	0.65
9	0.58	0.54
10	0.60	0.57	0.53
11	0.42	0.36	0.29	0.46
12	0.49	0.46	0.41	0.57	0.19
13	0.561	0.537	0.502	0.660	0.338	0.436
############################################################
pt: 50 ~ 70
*	3	4	5	6	7	8
8	0.31
9	0.63	0.96
10	0.65	0.93	0.68
11	0.97	1.30	1.14	1.52
12	1.09	1.42	1.30	1.67	2.05
13	1.199	1.532	1.434	1.817	2.169	2.934
############################################################
pt: 70 ~ 100
*	3	4	5	6	7	8
8	0.47
9	0.43	0.33
10	0.23	0.10	0.21
11	0.23	0.12	0.14	0.17
12	0.13	0.00	0.24	0.30	0.44
13	0.015	0.160	0.418	0.499	0.672	0.754
############################################################
pt: 100 ~ 120
*	3	4	5	6	7	8
8	0.50
9	0.46	0.37
10	0.55	0.48	0.48
11	0.51	0.45	0.45	0.41
12	0.46	0.40	0.38	0.33	0.31
13	0.401	0.335	0.301	0.239	0.202	0.080
############################################################
pt: 120 ~ 400
*	3	4	5	6	7	8
8	1.42
9	1.81	2.23
10	0.90	1.00	1.69
11	0.91	1.00	1.51	1.10
12	1.03	1.13	1.68	1.30	1.08
13	0.751	0.797	1.060	0.807	0.605	0.236
############################################################
