pt: 25 ~ 30
*	3	4	5	6	7	8
8	1.47
9	105.42	1955.60
10	6.94	276.03	421.99
11	6.94	272.35	413.51	542.51
12	0.87	7.36	7.54	3.27	3.31
13	0.869	7.345	7.530	3.272	3.305	3.335
############################################################
pt: 30 ~ 35
*	3	4	5	6	7	8
8	332.80
9	223.96	34.58
10	301.46	34.57	34.64
11	211.67	34.57	34.64	34.70
12	202.63	34.57	34.64	34.69	23.42
13	201.106	34.575	34.644	34.695	23.424	29.730
############################################################
pt: 35 ~ 40
*	3	4	5	6	7	8
8	1.84
9	1.30	1.30
10	1.85	1.40	0.00
11	1.55	1.58	34.64	0.00
12	1.55	1.58	0.00	34.69	0.00
13	0.520	1.522	0.000	0.000	23.424	29.730
############################################################
pt: 40 ~ 50
*	3	4	5	6	7	8
8	1.21
9	1.19	1.22
10	1.13	1.14	0.96
11	1.02	1.00	0.82	0.63
12	0.80	0.73	0.53	0.29	0.16
13	0.880	0.839	0.682	0.529	0.233	0.292
############################################################
pt: 50 ~ 65
*	3	4	5	6	7	8
8	0.54
9	0.64	0.54
10	0.47	0.39	0.55
11	0.06	0.10	0.04	0.07
12	0.13	0.32	0.30	0.39	0.86
13	0.096	0.255	0.231	0.285	0.623	1.022
############################################################
pt: 65 ~ 100
*	3	4	5	6	7	8
8	0.01
9	0.17	0.14
10	0.22	0.20	0.19
11	0.18	0.15	0.14	0.18
12	0.14	0.21	0.25	0.30	0.46
13	0.246	0.321	0.372	0.412	0.549	0.602
############################################################
pt: 100 ~ 400
*	3	4	5	6	7	8
8	0.30
9	0.78	1.14
10	1.32	2.12	3.12
11	1.14	1.65	2.20	1.65
12	1.33	1.90	2.48	1.97	2.24
13	1.181	1.595	1.963	1.556	1.930	2.773
############################################################
