pt: 25 ~ 30
*	3	4	5	6	7	8
8	2.13
9	2.24	2.50
10	2.10	2.30	2.03
11	1.82	1.96	1.65	1.42
12	1.70	1.81	1.51	1.28	1.26
13	1.689	1.790	1.511	1.309	1.293	1.104
############################################################
pt: 30 ~ 35
*	3	4	5	6	7	8
8	0.49
9	0.31	0.35
10	0.12	0.52	0.29
11	0.13	0.39	0.19	0.42
12	0.00	0.50	0.34	0.57	0.86
13	0.114	0.610	0.479	0.708	1.003	1.021
############################################################
pt: 35 ~ 40
*	3	4	5	6	7	8
8	0.57
9	0.32	0.18
10	0.58	0.52	0.38
11	0.74	0.71	0.64	0.75
12	0.74	0.72	0.66	0.75	0.84
13	0.663	0.634	0.567	0.635	0.693	0.725
############################################################
pt: 40 ~ 50
*	3	4	5	6	7	8
8	1.32
9	1.25	1.29
10	1.17	1.18	1.14
11	1.03	1.01	0.93	0.80
12	0.75	0.68	0.56	0.36	0.19
13	0.870	0.829	0.738	0.609	0.255	0.088
############################################################
pt: 50 ~ 65
*	3	4	5	6	7	8
8	0.36
9	0.09	0.12
10	0.14	0.15	0.17
11	0.51	0.61	0.39	0.22
12	0.73	0.85	0.69	0.61	0.80
13	0.617	0.701	0.568	0.487	0.614	0.965
############################################################
pt: 65 ~ 100
*	3	4	5	6	7	8
8	0.18
9	0.14	0.07
10	0.13	0.06	0.13
11	0.05	0.01	0.03	0.08
12	0.52	0.51	0.63	0.82	0.81
13	0.485	0.474	0.579	0.719	0.692	0.825
############################################################
pt: 100 ~ 400
*	3	4	5	6	7	8
8	0.26
9	0.43	0.80
10	1.03	1.78	2.76
11	0.87	1.28	1.86	1.48
12	0.98	1.42	1.96	1.64	1.45
13	0.704	0.951	1.263	1.000	0.835	1.152
############################################################
