pt: 20 ~ 25
*	3	4	5	6	7	8
8	0.75
9	0.82	0.56
10	1.12	0.96	0.87
11	1.03	0.87	0.77	1.33
12	1.11	0.98	0.91	1.43	1.49
13	1.202	1.093	1.044	1.532	1.619	1.938
############################################################
pt: 25 ~ 30
*	3	4	5	6	7	8
8	0.42
9	0.45	0.51
10	0.48	0.53	0.57
11	0.55	0.62	0.67	0.57
12	0.54	0.59	0.64	0.54	0.73
13	0.510	0.558	0.593	0.492	0.657	0.663
############################################################
pt: 30 ~ 40
*	3	4	5	6	7	8
8	0.96
9	1.12	1.16
10	1.12	1.16	1.21
11	1.11	1.14	1.19	1.35
12	1.09	1.12	1.15	1.29	1.37
13	1.191	1.233	1.288	1.430	1.531	1.570
############################################################
pt: 40 ~ 50
*	3	4	5	6	7	8
8	0.29
9	0.10	0.12
10	0.04	0.04	0.12
11	0.03	0.05	0.20	0.35
12	0.09	0.12	0.25	0.38	0.36
13	0.116	0.146	0.275	0.394	0.375	0.555
############################################################
pt: 50 ~ 70
*	3	4	5	6	7	8
8	0.65
9	0.61	0.52
10	0.60	0.52	0.47
11	0.62	0.56	0.53	0.53
12	0.62	0.56	0.54	0.54	0.55
13	0.557	0.496	0.462	0.447	0.440	0.448
############################################################
pt: 70 ~ 100
*	3	4	5	6	7	8
8	0.05
9	0.11	0.23
10	0.12	0.22	0.12
11	0.11	0.20	0.11	0.11
12	0.13	0.21	0.12	0.13	0.20
13	0.099	0.172	0.089	0.093	0.148	0.160
############################################################
pt: 100 ~ 120
*	3	4	5	6	7	8
8	0.08
9	0.05	0.04
10	0.07	0.06	0.03
11	0.06	0.06	0.03	0.01
12	0.07	0.06	0.03	0.01	0.00
13	0.078	0.073	0.058	0.042	0.042	0.065
############################################################
pt: 120 ~ 400
*	3	4	5	6	7	8
8	0.00
9	0.00	0.00
10	1.10	1.10	0.00
11	0.01	0.01	0.01	0.01
12	0.01	0.00	0.01	0.16	0.00
13	0.005	0.005	0.002	0.008	0.029	1.103
############################################################
