pt: 20 ~ 25
*	3	4	5	6	7	8
8	0.17
9	0.39	0.15
10	0.34	0.12	0.03
11	0.94	0.84	0.99	0.87
12	1.24	1.19	1.42	1.42	2.35
13	1.649	1.665	2.026	2.185	3.316	5.140
############################################################
pt: 25 ~ 30
*	3	4	5	6	7	8
8	0.58
9	0.69	1.12
10	0.48	0.76	0.64
11	0.54	0.80	0.70	0.61
12	0.86	1.19	1.17	1.17	1.64
13	1.041	1.407	1.419	1.466	1.966	1.975
############################################################
pt: 30 ~ 35
*	3	4	5	6	7	8
8	0.92
9	1.08	1.19
10	1.05	1.15	0.87
11	0.88	0.92	0.64	0.71
12	0.95	1.00	0.76	0.85	1.39
13	1.051	1.122	0.914	1.028	1.566	1.288
############################################################
pt: 35 ~ 60
*	3	4	5	6	7	8
8	1.81
9	1.83	1.81
10	2.11	2.14	2.30
11	2.24	2.29	2.47	2.55
12	1.93	1.93	2.00	1.99	1.78
13	1.911	1.909	1.970	1.954	1.759	2.060
############################################################
pt: 60 ~ 400
*	3	4	5	6	7	8
8	0.40
9	0.07	0.41
10	0.00	0.39	0.08
11	0.02	0.31	0.05	0.26
12	0.00	0.28	0.06	0.23	0.02
13	0.169	0.042	0.151	0.042	0.218	0.081
############################################################
