pt range	chiso range	DataNumber	FakeNumber	TrueNumber	fitFake_number	fitTrue_number	closureFake_test	closureTrue_test
#######################################################################################
20 <pt<25 	3<chiso range<8 	122.128	50.9865	33.6466	42.7415	1.13443e-299	1.42749	inf
20 <pt<25 	3<chiso range<9 	122.128	50.9865	33.6466	43.1902	1.13443e-299	1.39358	inf
20 <pt<25 	3<chiso range<10 	122.128	50.9865	33.6466	40.9606	1.13443e-299	1.95452	inf
20 <pt<25 	3<chiso range<11 	122.128	50.9865	33.6466	40.5675	1.13443e-299	2.09537	inf
20 <pt<25 	3<chiso range<12 	122.128	50.9865	33.6466	39.5131	1.13443e-299	2.4155	inf
20 <pt<25 	3<chiso range<13 	122.128	50.9865	33.6466	39.3046	1.13443e-299	2.50155	inf
20 <pt<25 	4<chiso range<9 	122.128	50.9865	33.6466	41.7684	1.13443e-299	1.61372	inf
20 <pt<25 	4<chiso range<10 	122.128	50.9865	33.6466	39.3485	1.13443e-299	2.25883	inf
20 <pt<25 	4<chiso range<11 	122.128	50.9865	33.6466	39.0272	1.13443e-299	2.40577	inf
20 <pt<25 	4<chiso range<12 	122.128	50.9865	33.6466	37.9788	1.13443e-299	2.75463	inf
20 <pt<25 	4<chiso range<13 	122.128	50.9865	33.6466	37.866	1.13443e-299	2.8263	inf
20 <pt<25 	5<chiso range<10 	122.128	50.9865	33.6466	36.1475	1.13443e-299	2.94023	inf
20 <pt<25 	5<chiso range<11 	122.128	50.9865	33.6466	36.1613	1.13443e-299	3.04803	inf
20 <pt<25 	5<chiso range<12 	122.128	50.9865	33.6466	35.252	1.13443e-299	3.42617	inf
20 <pt<25 	5<chiso range<13 	122.128	50.9865	33.6466	35.344	1.13443e-299	3.45901	inf
20 <pt<25 	6<chiso range<11 	122.128	50.9865	33.6466	37.6722	1.13443e-299	2.43405	inf
20 <pt<25 	6<chiso range<12 	122.128	50.9865	33.6466	36.3813	1.13443e-299	2.89119	inf
20 <pt<25 	6<chiso range<13 	122.128	50.9865	33.6466	36.4184	1.13443e-299	2.95289	inf
20 <pt<25 	7<chiso range<12 	122.128	50.9865	33.6466	35.0834	1.13443e-299	3.04648	inf
20 <pt<25 	7<chiso range<13 	122.128	50.9865	33.6466	35.193	1.13443e-299	3.12005	inf
20 <pt<25 	8<chiso range<13 	122.128	50.9865	33.6466	33.632	1.13443e-299	3.36639	inf
#######################################################################################
25 <pt<30 	3<chiso range<8 	70.3187	25.9405	22.5829	18.1899	1.13443e-299	2.13357	inf
25 <pt<30 	3<chiso range<9 	70.3187	25.9405	22.5829	18.5887	1.13443e-299	2.04069	inf
25 <pt<30 	3<chiso range<10 	70.3187	25.9405	22.5829	19.1001	1.13443e-299	1.89079	inf
25 <pt<30 	3<chiso range<11 	70.3187	25.9405	22.5829	19.4513	1.13443e-299	1.80509	inf
25 <pt<30 	3<chiso range<12 	70.3187	25.9405	22.5829	18.7284	1.13443e-299	2.11767	inf
25 <pt<30 	3<chiso range<13 	70.3187	25.9405	22.5829	18.0114	1.13443e-299	2.45549	inf
25 <pt<30 	4<chiso range<9 	70.3187	25.9405	22.5829	18.3389	1.13443e-299	2.01299	inf
25 <pt<30 	4<chiso range<10 	70.3187	25.9405	22.5829	19.0093	1.13443e-299	1.82854	inf
25 <pt<30 	4<chiso range<11 	70.3187	25.9405	22.5829	19.468	1.13443e-299	1.7239	inf
25 <pt<30 	4<chiso range<12 	70.3187	25.9405	22.5829	18.6017	1.13443e-299	2.09059	inf
25 <pt<30 	4<chiso range<13 	70.3187	25.9405	22.5829	17.766	1.13443e-299	2.48441	inf
25 <pt<30 	5<chiso range<10 	70.3187	25.9405	22.5829	17.4578	1.13443e-299	2.31405	inf
25 <pt<30 	5<chiso range<11 	70.3187	25.9405	22.5829	18.2577	1.13443e-299	2.09352	inf
25 <pt<30 	5<chiso range<12 	70.3187	25.9405	22.5829	17.3862	1.13443e-299	2.51674	inf
25 <pt<30 	5<chiso range<13 	70.3187	25.9405	22.5829	16.5598	1.13443e-299	2.96691	inf
25 <pt<30 	6<chiso range<11 	70.3187	25.9405	22.5829	19.3595	1.13443e-299	1.59844	inf
25 <pt<30 	6<chiso range<12 	70.3187	25.9405	22.5829	18.0083	1.13443e-299	2.14712	inf
25 <pt<30 	6<chiso range<13 	70.3187	25.9405	22.5829	16.9631	1.13443e-299	2.66015	inf
25 <pt<30 	7<chiso range<12 	70.3187	25.9405	22.5829	18.3192	1.13443e-299	1.90511	inf
25 <pt<30 	7<chiso range<13 	70.3187	25.9405	22.5829	17.008	1.13443e-299	2.50766	inf
25 <pt<30 	8<chiso range<13 	70.3187	25.9405	22.5829	17.1721	1.13443e-299	2.25824	inf
#######################################################################################
30 <pt<40 	3<chiso range<8 	72.4907	24.0237	26.7286	17.7268	1.13443e-299	1.64152	inf
30 <pt<40 	3<chiso range<9 	72.4907	24.0237	26.7286	16.3244	1.13443e-299	2.23736	inf
30 <pt<40 	3<chiso range<10 	72.4907	24.0237	26.7286	16.2949	1.13443e-299	2.29603	inf
30 <pt<40 	3<chiso range<11 	72.4907	24.0237	26.7286	15.9126	1.13443e-299	2.50429	inf
30 <pt<40 	3<chiso range<12 	72.4907	24.0237	26.7286	15.8412	1.13443e-299	2.57027	inf
30 <pt<40 	3<chiso range<13 	72.4907	24.0237	26.7286	16.0482	1.13443e-299	2.50233	inf
30 <pt<40 	4<chiso range<9 	72.4907	24.0237	26.7286	16.0905	1.13443e-299	2.23316	inf
30 <pt<40 	4<chiso range<10 	72.4907	24.0237	26.7286	16.087	1.13443e-299	2.2977	inf
30 <pt<40 	4<chiso range<11 	72.4907	24.0237	26.7286	15.6459	1.13443e-299	2.54502	inf
30 <pt<40 	4<chiso range<12 	72.4907	24.0237	26.7286	15.578	1.13443e-299	2.62063	inf
30 <pt<40 	4<chiso range<13 	72.4907	24.0237	26.7286	15.8347	1.13443e-299	2.53875	inf
30 <pt<40 	5<chiso range<10 	72.4907	24.0237	26.7286	15.2945	1.13443e-299	2.53157	inf
30 <pt<40 	5<chiso range<11 	72.4907	24.0237	26.7286	14.8317	1.13443e-299	2.82553	inf
30 <pt<40 	5<chiso range<12 	72.4907	24.0237	26.7286	14.8232	1.13443e-299	2.89305	inf
30 <pt<40 	5<chiso range<13 	72.4907	24.0237	26.7286	15.1695	1.13443e-299	2.77451	inf
30 <pt<40 	6<chiso range<11 	72.4907	24.0237	26.7286	13.2405	1.13443e-299	3.53647	inf
30 <pt<40 	6<chiso range<12 	72.4907	24.0237	26.7286	13.4212	1.13443e-299	3.53459	inf
30 <pt<40 	6<chiso range<13 	72.4907	24.0237	26.7286	13.9941	1.13443e-299	3.28969	inf
30 <pt<40 	7<chiso range<12 	72.4907	24.0237	26.7286	14.2074	1.13443e-299	2.89208	inf
30 <pt<40 	7<chiso range<13 	72.4907	24.0237	26.7286	14.7899	1.13443e-299	2.71686	inf
30 <pt<40 	8<chiso range<13 	72.4907	24.0237	26.7286	13.3314	1.13443e-299	3.24843	inf
#######################################################################################
40 <pt<60 	3<chiso range<8 	51.9578	12.6508	24.4953	9.74912	1.13443e-299	0.982708	inf
40 <pt<60 	3<chiso range<9 	51.9578	12.6508	24.4953	9.85926	1.13443e-299	0.96574	inf
40 <pt<60 	3<chiso range<10 	51.9578	12.6508	24.4953	9.45528	1.13443e-299	1.17749	inf
40 <pt<60 	3<chiso range<11 	51.9578	12.6508	24.4953	9.32492	1.13443e-299	1.27188	inf
40 <pt<60 	3<chiso range<12 	51.9578	12.6508	24.4953	9.19642	1.13443e-299	1.36306	inf
40 <pt<60 	3<chiso range<13 	51.9578	12.6508	24.4953	8.91926	1.13443e-299	1.53179	inf
40 <pt<60 	4<chiso range<9 	51.9578	12.6508	24.4953	9.61467	1.13443e-299	1.03376	inf
40 <pt<60 	4<chiso range<10 	51.9578	12.6508	24.4953	9.16597	1.13443e-299	1.27877	inf
40 <pt<60 	4<chiso range<11 	51.9578	12.6508	24.4953	9.0443	1.13443e-299	1.38561	inf
40 <pt<60 	4<chiso range<12 	51.9578	12.6508	24.4953	8.92414	1.13443e-299	1.48402	inf
40 <pt<60 	4<chiso range<13 	51.9578	12.6508	24.4953	8.62511	1.13443e-299	1.67718	inf
40 <pt<60 	5<chiso range<10 	51.9578	12.6508	24.4953	9.52403	1.13443e-299	1.02255	inf
40 <pt<60 	5<chiso range<11 	51.9578	12.6508	24.4953	9.22844	1.13443e-299	1.24132	inf
40 <pt<60 	5<chiso range<12 	51.9578	12.6508	24.4953	9.03017	1.13443e-299	1.38811	inf
40 <pt<60 	5<chiso range<13 	51.9578	12.6508	24.4953	8.67221	1.13443e-299	1.61193	inf
40 <pt<60 	6<chiso range<11 	51.9578	12.6508	24.4953	9.09748	1.13443e-299	1.24681	inf
40 <pt<60 	6<chiso range<12 	51.9578	12.6508	24.4953	8.84183	1.13443e-299	1.44937	inf
40 <pt<60 	6<chiso range<13 	51.9578	12.6508	24.4953	8.44775	1.13443e-299	1.70552	inf
40 <pt<60 	7<chiso range<12 	51.9578	12.6508	24.4953	8.67919	1.13443e-299	1.4515	inf
40 <pt<60 	7<chiso range<13 	51.9578	12.6508	24.4953	8.20545	1.13443e-299	1.78255	inf
40 <pt<60 	8<chiso range<13 	51.9578	12.6508	24.4953	7.74466	1.13443e-299	2.0189	inf
#######################################################################################
60 <pt<400 	3<chiso range<8 	32.4693	5.11142	21.3059	3.94076	1.13443e-299	0.555573	inf
60 <pt<400 	3<chiso range<9 	32.4693	5.11142	21.3059	4.19814	1.13443e-299	0.410988	inf
60 <pt<400 	3<chiso range<10 	32.4693	5.11142	21.3059	3.88957	1.13443e-299	0.605419	inf
60 <pt<400 	3<chiso range<11 	32.4693	5.11142	21.3059	3.70862	1.13443e-299	0.740713	inf
60 <pt<400 	3<chiso range<12 	32.4693	5.11142	21.3059	3.88738	1.13443e-299	0.623918	inf
60 <pt<400 	3<chiso range<13 	32.4693	5.11142	21.3059	3.86813	1.13443e-299	0.646311	inf
60 <pt<400 	4<chiso range<9 	32.4693	5.11142	21.3059	4.40606	1.13443e-299	0.290585	inf
60 <pt<400 	4<chiso range<10 	32.4693	5.11142	21.3059	4.00147	1.13443e-299	0.51743	inf
60 <pt<400 	4<chiso range<11 	32.4693	5.11142	21.3059	3.74339	1.13443e-299	0.696386	inf
60 <pt<400 	4<chiso range<12 	32.4693	5.11142	21.3059	3.92411	1.13443e-299	0.585101	inf
60 <pt<400 	4<chiso range<13 	32.4693	5.11142	21.3059	3.97391	1.13443e-299	0.565951	inf
60 <pt<400 	5<chiso range<10 	32.4693	5.11142	21.3059	4.25459	1.13443e-299	0.36735	inf
60 <pt<400 	5<chiso range<11 	32.4693	5.11142	21.3059	3.90719	1.13443e-299	0.577943	inf
60 <pt<400 	5<chiso range<12 	32.4693	5.11142	21.3059	4.0909	1.13443e-299	0.4766	inf
60 <pt<400 	5<chiso range<13 	32.4693	5.11142	21.3059	4.11682	1.13443e-299	0.472919	inf
60 <pt<400 	6<chiso range<11 	32.4693	5.11142	21.3059	3.9924	1.13443e-299	0.510043	inf
60 <pt<400 	6<chiso range<12 	32.4693	5.11142	21.3059	4.20276	1.13443e-299	0.403777	inf
60 <pt<400 	6<chiso range<13 	32.4693	5.11142	21.3059	4.07771	1.13443e-299	0.481431	inf
60 <pt<400 	7<chiso range<12 	32.4693	5.11142	21.3059	4.48425	1.13443e-299	0.254126	inf
60 <pt<400 	7<chiso range<13 	32.4693	5.11142	21.3059	4.47393	1.13443e-299	0.269447	inf
60 <pt<400 	8<chiso range<13 	32.4693	5.11142	21.3059	3.85546	1.13443e-299	0.599415	inf
#######################################################################################
