pt: 20 ~ 25
*	3	4	5	6	7	8
8	0.88
9	0.59	0.90
10	0.54	0.77	0.98
11	0.46	0.64	0.78	0.22
12	0.59	0.78	0.93	0.46	0.12
13	0.772	0.977	1.150	0.754	0.490	0.672
############################################################
pt: 25 ~ 30
*	3	4	5	6	7	8
8	0.49
9	0.60	0.54
10	0.15	0.33	0.05
11	0.10	0.03	0.28	0.09
12	0.05	0.08	0.19	0.00	0.37
13	0.009	0.110	0.123	0.046	0.372	0.517
############################################################
pt: 30 ~ 40
*	3	4	5	6	7	8
8	0.41
9	0.59	1.00
10	0.86	1.26	1.51
11	0.94	1.31	1.52	1.35
12	1.09	1.44	1.67	1.53	1.22
13	1.135	1.455	1.661	1.539	1.281	2.040
############################################################
pt: 40 ~ 50
*	3	4	5	6	7	8
8	0.34
9	0.41	0.41
10	0.42	0.43	0.12
11	0.27	0.26	0.04	0.13
12	0.39	0.39	0.17	0.34	0.43
13	0.228	0.216	0.022	0.107	0.143	0.085
############################################################
pt: 50 ~ 65
*	3	4	5	6	7	8
8	0.01
9	0.30	0.73
10	0.34	0.68	0.70
11	0.40	0.71	0.73	0.78
12	0.33	0.59	0.59	0.61	1.04
13	0.290	0.530	0.513	0.227	0.856	0.262
############################################################
pt: 65 ~ 400
*	3	4	5	6	7	8
8	0.55
9	0.57	0.44
10	0.42	0.28	0.52
11	0.36	0.24	0.42	0.20
12	0.37	0.25	0.42	0.23	0.22
13	0.396	0.296	0.444	0.287	0.292	0.228
############################################################
