pt range	chiso range	DataNumber	FakeNumber	TrueNumber	fitFake_number	fitTrue_number	closureFake_test	closureTrue_test
#######################################################################################
20 <pt<25 	3<chiso range<8 	95.9934	20.2425	75.3676	26.1709	62.7576	1.18046	1.14869
20 <pt<25 	3<chiso range<9 	95.9934	20.2425	75.3676	25.9574	62.461	1.1577	1.18235
20 <pt<25 	3<chiso range<10 	95.9934	20.2425	75.3676	24.9162	63.6662	0.982429	1.08076
20 <pt<25 	3<chiso range<11 	95.9934	20.2425	75.3676	22.9131	65.3431	0.6141	0.946306
20 <pt<25 	3<chiso range<12 	95.9934	20.2425	75.3676	23.3855	64.9828	0.706945	0.975437
20 <pt<25 	3<chiso range<13 	95.9934	20.2425	75.3676	22.1972	66.1506	0.463378	0.875766
20 <pt<25 	4<chiso range<9 	95.9934	20.2425	75.3676	25.2771	63.0486	1.04861	1.13643
20 <pt<25 	4<chiso range<10 	95.9934	20.2425	75.3676	24.0813	64.4828	0.835208	1.01377
20 <pt<25 	4<chiso range<11 	95.9934	20.2425	75.3676	21.8299	66.3521	0.3836	0.8602
20 <pt<25 	4<chiso range<12 	95.9934	20.2425	75.3676	22.4751	65.823	0.522992	0.904513
20 <pt<25 	4<chiso range<13 	95.9934	20.2425	75.3676	21.2197	67.0619	0.242541	0.79661
20 <pt<25 	5<chiso range<10 	95.9934	20.2425	75.3676	21.3678	67.0667	0.277408	0.796356
20 <pt<25 	5<chiso range<11 	95.9934	20.2425	75.3676	19.2719	68.7406	0.266882	0.649031
20 <pt<25 	5<chiso range<12 	95.9934	20.2425	75.3676	20.2316	67.8826	0.00284711	0.725558
20 <pt<25 	5<chiso range<13 	95.9934	20.2425	75.3676	19.169	68.8893	0.295967	0.634307
20 <pt<25 	6<chiso range<11 	95.9934	20.2425	75.3676	16.6292	71.329	1.15066	0.404691
20 <pt<25 	6<chiso range<12 	95.9934	20.2425	75.3676	17.9694	70.0831	0.668026	0.522654
20 <pt<25 	6<chiso range<13 	95.9934	20.2425	75.3676	17.1105	70.9361	0.966759	0.441618
20 <pt<25 	7<chiso range<12 	95.9934	20.2425	75.3676	19.0267	69.1619	0.336745	0.607657
20 <pt<25 	7<chiso range<13 	95.9934	20.2425	75.3676	17.7825	70.373	0.72941	0.494613
20 <pt<25 	8<chiso range<13 	95.9934	20.2425	75.3676	17.2192	70.4993	0.934412	0.486305
#######################################################################################
25 <pt<30 	3<chiso range<8 	53.3489	7.36711	45.7429	11.6665	39.1322	1.22959	0.816343
25 <pt<30 	3<chiso range<9 	53.3489	7.36711	45.7429	10.3204	40.5773	0.949849	0.65371
25 <pt<30 	3<chiso range<10 	53.3489	7.36711	45.7429	10.2433	40.7033	0.931614	0.639113
25 <pt<30 	3<chiso range<11 	53.3489	7.36711	45.7429	9.71636	41.5511	0.791063	0.53487
25 <pt<30 	3<chiso range<12 	53.3489	7.36711	45.7429	9.3159	41.9624	0.681927	0.484959
25 <pt<30 	3<chiso range<13 	53.3489	7.36711	45.7429	9.36888	41.95	0.695271	0.485828
25 <pt<30 	4<chiso range<9 	53.3489	7.36711	45.7429	8.84345	42.0299	0.555399	0.483726
25 <pt<30 	4<chiso range<10 	53.3489	7.36711	45.7429	8.94878	42.021	0.588594	0.485136
25 <pt<30 	4<chiso range<11 	53.3489	7.36711	45.7429	8.57825	42.7441	0.463119	0.392059
25 <pt<30 	4<chiso range<12 	53.3489	7.36711	45.7429	8.28655	43.0156	0.362046	0.357103
25 <pt<30 	4<chiso range<13 	53.3489	7.36711	45.7429	8.41741	42.9305	0.406419	0.367229
25 <pt<30 	5<chiso range<10 	53.3489	7.36711	45.7429	8.09294	42.7774	0.299276	0.392392
25 <pt<30 	5<chiso range<11 	53.3489	7.36711	45.7429	7.84022	43.4333	0.197913	0.305757
25 <pt<30 	5<chiso range<12 	53.3489	7.36711	45.7429	7.59816	43.6627	0.0991865	0.275563
25 <pt<30 	5<chiso range<13 	53.3489	7.36711	45.7429	7.80168	43.5122	0.181343	0.29433
25 <pt<30 	6<chiso range<11 	53.3489	7.36711	45.7429	7.37206	43.904	0.00219958	0.245331
25 <pt<30 	6<chiso range<12 	53.3489	7.36711	45.7429	7.15244	44.1089	0.097763	0.218024
25 <pt<30 	6<chiso range<13 	53.3489	7.36711	45.7429	7.43123	43.888	0.0280559	0.246238
25 <pt<30 	7<chiso range<12 	53.3489	7.36711	45.7429	6.31711	45.2524	0.533789	0.0659845
25 <pt<30 	7<chiso range<13 	53.3489	7.36711	45.7429	6.71968	44.8835	0.309073	0.114846
25 <pt<30 	8<chiso range<13 	53.3489	7.36711	45.7429	7.04101	44.9875	0.146458	0.100282
#######################################################################################
30 <pt<40 	3<chiso range<8 	58.8411	5.8979	52.7521	12.7248	43.294	1.7228	1.10717
30 <pt<40 	3<chiso range<9 	58.8411	5.8979	52.7521	12.5707	43.591	1.67274	1.0635
30 <pt<40 	3<chiso range<10 	58.8411	5.8979	52.7521	12.3369	43.7217	1.65313	1.05511
30 <pt<40 	3<chiso range<11 	58.8411	5.8979	52.7521	12.5409	43.4404	1.68683	1.08631
30 <pt<40 	3<chiso range<12 	58.8411	5.8979	52.7521	12.2909	43.7454	1.65166	1.05484
30 <pt<40 	3<chiso range<13 	58.8411	5.8979	52.7521	11.4539	44.707	1.5286	0.954891
30 <pt<40 	4<chiso range<9 	58.8411	5.8979	52.7521	11.7082	44.6645	1.55393	0.954766
30 <pt<40 	4<chiso range<10 	58.8411	5.8979	52.7521	11.5786	44.6146	1.54758	0.964782
30 <pt<40 	4<chiso range<11 	58.8411	5.8979	52.7521	11.8881	44.2047	1.60109	1.01063
30 <pt<40 	4<chiso range<12 	58.8411	5.8979	52.7521	11.6693	44.4816	1.56672	0.981005
30 <pt<40 	4<chiso range<13 	58.8411	5.8979	52.7521	10.7929	45.4944	1.42458	0.87273
30 <pt<40 	5<chiso range<10 	58.8411	5.8979	52.7521	12.1261	44.2203	1.60078	0.99489
30 <pt<40 	5<chiso range<11 	58.8411	5.8979	52.7521	12.4579	43.726	1.65879	1.05041
30 <pt<40 	5<chiso range<12 	58.8411	5.8979	52.7521	12.1222	44.1199	1.61294	1.01041
30 <pt<40 	5<chiso range<13 	58.8411	5.8979	52.7521	11.0458	45.3513	1.45044	0.881795
30 <pt<40 	6<chiso range<11 	58.8411	5.8979	52.7521	14.094	42.1674	1.82287	1.18838
30 <pt<40 	6<chiso range<12 	58.8411	5.8979	52.7521	13.3885	42.9327	1.74843	1.1175
30 <pt<40 	6<chiso range<13 	58.8411	5.8979	52.7521	11.8445	44.6651	1.55168	0.945734
30 <pt<40 	7<chiso range<12 	58.8411	5.8979	52.7521	11.9881	44.325	1.58496	0.985499
30 <pt<40 	7<chiso range<13 	58.8411	5.8979	52.7521	10.5222	45.9859	1.35347	0.810462
30 <pt<40 	8<chiso range<13 	58.8411	5.8979	52.7521	9.86113	46.6062	1.24045	0.746259
#######################################################################################
40 <pt<50 	3<chiso range<8 	31.3663	2.63295	28.6141	4.32154	25.7411	0.81964	0.49276
40 <pt<50 	3<chiso range<9 	31.3663	2.63295	28.6141	4.29153	25.6795	0.820645	0.505625
40 <pt<50 	3<chiso range<10 	31.3663	2.63295	28.6141	4.43155	25.4427	0.867832	0.546318
40 <pt<50 	3<chiso range<11 	31.3663	2.63295	28.6141	4.19944	25.7363	0.796058	0.498169
40 <pt<50 	3<chiso range<12 	31.3663	2.63295	28.6141	4.08651	25.8804	0.755744	0.474413
40 <pt<50 	3<chiso range<13 	31.3663	2.63295	28.6141	3.8967	26.1637	0.680247	0.426444
40 <pt<50 	4<chiso range<9 	31.3663	2.63295	28.6141	3.5975	26.3077	0.569927	0.407071
40 <pt<50 	4<chiso range<10 	31.3663	2.63295	28.6141	3.87132	26.0186	0.685227	0.454446
40 <pt<50 	4<chiso range<11 	31.3663	2.63295	28.6141	3.6814	26.1949	0.608414	0.426471
40 <pt<50 	4<chiso range<12 	31.3663	2.63295	28.6141	3.60969	26.3013	0.57522	0.408163
40 <pt<50 	4<chiso range<13 	31.3663	2.63295	28.6141	3.43696	26.5736	0.490232	0.360878
40 <pt<50 	5<chiso range<10 	31.3663	2.63295	28.6141	3.68309	26.1494	0.612455	0.435037
40 <pt<50 	5<chiso range<11 	31.3663	2.63295	28.6141	3.48701	26.3667	0.523892	0.398764
40 <pt<50 	5<chiso range<12 	31.3663	2.63295	28.6141	3.42722	26.4692	0.4928	0.380769
40 <pt<50 	5<chiso range<13 	31.3663	2.63295	28.6141	3.24376	26.8166	0.393789	0.31899
40 <pt<50 	6<chiso range<11 	31.3663	2.63295	28.6141	3.3025	26.5938	0.432596	0.359445
40 <pt<50 	6<chiso range<12 	31.3663	2.63295	28.6141	3.26022	26.6885	0.407819	0.342515
40 <pt<50 	6<chiso range<13 	31.3663	2.63295	28.6141	3.0606	27.0363	0.290405	0.2811
40 <pt<50 	7<chiso range<12 	31.3663	2.63295	28.6141	2.9796	26.9831	0.245658	0.292156
40 <pt<50 	7<chiso range<13 	31.3663	2.63295	28.6141	2.7882	27.3458	0.114956	0.227397
40 <pt<50 	8<chiso range<13 	31.3663	2.63295	28.6141	3.35096	26.7383	0.449301	0.331781
#######################################################################################
50 <pt<65 	3<chiso range<8 	24.4184	1.74382	22.5784	4.86478	18.7825	0.996908	0.670552
50 <pt<65 	3<chiso range<9 	24.4184	1.74382	22.5784	4.45633	19.2566	0.933941	0.601194
50 <pt<65 	3<chiso range<10 	24.4184	1.74382	22.5784	4.17085	19.4361	0.907827	0.581678
50 <pt<65 	3<chiso range<11 	24.4184	1.74382	22.5784	3.64043	19.9216	0.81549	0.508465
50 <pt<65 	3<chiso range<12 	24.4184	1.74382	22.5784	3.07405	20.5092	0.679309	0.40763
50 <pt<65 	3<chiso range<13 	24.4184	1.74382	22.5784	2.86702	20.723	0.612743	0.369557
50 <pt<65 	4<chiso range<9 	24.4184	1.74382	22.5784	3.60373	20.1077	0.793443	0.470792
50 <pt<65 	4<chiso range<10 	24.4184	1.74382	22.5784	3.37767	20.2376	0.755835	0.453305
50 <pt<65 	4<chiso range<11 	24.4184	1.74382	22.5784	2.9005	20.6788	0.624224	0.377796
50 <pt<65 	4<chiso range<12 	24.4184	1.74382	22.5784	2.4227	21.1632	0.439894	0.287774
50 <pt<65 	4<chiso range<13 	24.4184	1.74382	22.5784	2.26913	21.2608	0.362373	0.271238
50 <pt<65 	5<chiso range<10 	24.4184	1.74382	22.5784	3.76667	19.8945	0.827457	0.507824
50 <pt<65 	5<chiso range<11 	24.4184	1.74382	22.5784	3.11349	20.5275	0.682858	0.402338
50 <pt<65 	5<chiso range<12 	24.4184	1.74382	22.5784	2.48153	21.1482	0.464667	0.289709
50 <pt<65 	5<chiso range<13 	24.4184	1.74382	22.5784	2.28264	21.2954	0.368016	0.263921
50 <pt<65 	6<chiso range<11 	24.4184	1.74382	22.5784	2.57877	20.9617	0.510929	0.327187
50 <pt<65 	6<chiso range<12 	24.4184	1.74382	22.5784	2.01676	21.5137	0.2135	0.221053
50 <pt<65 	6<chiso range<13 	24.4184	1.74382	22.5784	1.86592	21.6955	0.102825	0.184504
50 <pt<65 	7<chiso range<12 	24.4184	1.74382	22.5784	1.72594	21.7833	0.0164097	0.16721
50 <pt<65 	7<chiso range<13 	24.4184	1.74382	22.5784	1.65205	21.8805	0.0875994	0.147132
50 <pt<65 	8<chiso range<13 	24.4184	1.74382	22.5784	1.38051	22.2036	0.408774	0.0796723
#######################################################################################
65 <pt<400 	3<chiso range<8 	36.0007	1.17526	34.7096	1.33721	34.1294	0.138871	0.101819
65 <pt<400 	3<chiso range<9 	36.0007	1.17526	34.7096	1.18729	34.2731	0.0116349	0.077162
65 <pt<400 	3<chiso range<10 	36.0007	1.17526	34.7096	1.12563	34.2981	0.0503612	0.0732578
65 <pt<400 	3<chiso range<11 	36.0007	1.17526	34.7096	1.09052	34.407	0.088345	0.0537565
65 <pt<400 	3<chiso range<12 	36.0007	1.17526	34.7096	1.0772	34.4044	0.103893	0.0542949
65 <pt<400 	3<chiso range<13 	36.0007	1.17526	34.7096	1.03361	34.4446	0.156226	0.0472611
65 <pt<400 	4<chiso range<9 	36.0007	1.17526	34.7096	1.08555	34.3675	0.0949005	0.0607936
65 <pt<400 	4<chiso range<10 	36.0007	1.17526	34.7096	1.03935	34.4277	0.149301	0.0502313
65 <pt<400 	4<chiso range<11 	36.0007	1.17526	34.7096	1.00495	34.4849	0.191768	0.0401313
65 <pt<400 	4<chiso range<12 	36.0007	1.17526	34.7096	1.00115	34.4772	0.197772	0.0415225
65 <pt<400 	4<chiso range<13 	36.0007	1.17526	34.7096	0.955661	34.5234	0.260827	0.0333466
65 <pt<400 	5<chiso range<10 	36.0007	1.17526	34.7096	0.929587	34.5495	0.29903	0.0287464
65 <pt<400 	5<chiso range<11 	36.0007	1.17526	34.7096	0.907268	34.5817	0.331566	0.0230321
65 <pt<400 	5<chiso range<12 	36.0007	1.17526	34.7096	0.916837	34.5555	0.318464	0.0277346
65 <pt<400 	5<chiso range<13 	36.0007	1.17526	34.7096	0.88393	34.5831	0.372788	0.0228102
65 <pt<400 	6<chiso range<11 	36.0007	1.17526	34.7096	0.689205	34.9362	0.742148	0.0412496
65 <pt<400 	6<chiso range<12 	36.0007	1.17526	34.7096	0.762252	34.7932	0.600978	0.0151114
65 <pt<400 	6<chiso range<13 	36.0007	1.17526	34.7096	0.747533	34.7898	0.641628	0.0145092
65 <pt<400 	7<chiso range<12 	36.0007	1.17526	34.7096	0.607592	35.1764	0.947343	0.0856611
65 <pt<400 	7<chiso range<13 	36.0007	1.17526	34.7096	0.691144	34.8481	0.784322	0.0251181
65 <pt<400 	8<chiso range<13 	36.0007	1.17526	34.7096	0.772057	34.7185	0.581044	0.00161325
#######################################################################################
