pt range	chiso range	DataNumber	FakeNumber	TrueNumber	fitFake_number	fitTrue_number	closureFake_test	closureTrue_test
#######################################################################################
20 <pt<25 	3<chiso range<8 	129.48	86.2166	43.2231	90.0327	44.2313	0.429204	0.0711317
20 <pt<25 	3<chiso range<9 	129.48	86.2166	43.2231	85.8613	48.2886	0.0417884	0.362119
20 <pt<25 	3<chiso range<10 	129.48	86.2166	43.2231	83.8195	50.2985	0.288467	0.509282
20 <pt<25 	3<chiso range<11 	129.48	86.2166	43.2231	82.1713	52.0168	0.496859	0.638205
20 <pt<25 	3<chiso range<12 	129.48	86.2166	43.2231	80.6112	53.5008	0.700877	0.748929
20 <pt<25 	3<chiso range<13 	129.48	86.2166	43.2231	78.9911	55.0522	0.92089	0.865897
20 <pt<25 	4<chiso range<9 	129.48	86.2166	43.2231	86.0307	47.8798	0.0217517	0.330511
20 <pt<25 	4<chiso range<10 	129.48	86.2166	43.2231	83.5172	50.3985	0.325089	0.514229
20 <pt<25 	4<chiso range<11 	129.48	86.2166	43.2231	81.6066	52.4062	0.568728	0.664816
20 <pt<25 	4<chiso range<12 	129.48	86.2166	43.2231	79.8343	54.1142	0.803884	0.792576
20 <pt<25 	4<chiso range<13 	129.48	86.2166	43.2231	78.0282	55.869	1.05411	0.925382
20 <pt<25 	5<chiso range<10 	129.48	86.2166	43.2231	80.196	53.7527	0.754911	0.765105
20 <pt<25 	5<chiso range<11 	129.48	86.2166	43.2231	78.4161	55.6396	1.00153	0.911209
20 <pt<25 	5<chiso range<12 	129.48	86.2166	43.2231	76.7342	57.2422	1.24242	1.03325
20 <pt<25 	5<chiso range<13 	129.48	86.2166	43.2231	74.9819	58.9297	1.5046	1.16334
20 <pt<25 	6<chiso range<11 	129.48	86.2166	43.2231	74.8673	59.1648	1.5249	1.18519
20 <pt<25 	6<chiso range<12 	129.48	86.2166	43.2231	73.379	60.5637	1.75722	1.29334
20 <pt<25 	6<chiso range<13 	129.48	86.2166	43.2231	71.7441	62.1289	2.02364	1.41609
20 <pt<25 	7<chiso range<12 	129.48	86.2166	43.2231	70.1482	63.708	2.29693	1.54293
20 <pt<25 	7<chiso range<13 	129.48	86.2166	43.2231	68.6653	65.1267	2.56008	1.65589
20 <pt<25 	8<chiso range<13 	129.48	86.2166	43.2231	65.3334	68.4577	3.20047	1.93142
#######################################################################################
25 <pt<30 	3<chiso range<8 	70.902	43.5772	27.2984	37.1271	36.376	1.14448	0.901871
25 <pt<30 	3<chiso range<9 	70.902	43.5772	27.2984	36.2975	37.235	1.32158	0.994829
25 <pt<30 	3<chiso range<10 	70.902	43.5772	27.2984	36.1945	37.3814	1.34547	1.01219
25 <pt<30 	3<chiso range<11 	70.902	43.5772	27.2984	35.9965	37.588	1.3893	1.03487
25 <pt<30 	3<chiso range<12 	70.902	43.5772	27.2984	36.131	37.4531	1.35965	1.02023
25 <pt<30 	3<chiso range<13 	70.902	43.5772	27.2984	35.1884	38.3875	1.57171	1.12172
25 <pt<30 	4<chiso range<9 	70.902	43.5772	27.2984	36.273	37.27	1.32727	0.998996
25 <pt<30 	4<chiso range<10 	70.902	43.5772	27.2984	36.1515	37.4434	1.35553	1.01959
25 <pt<30 	4<chiso range<11 	70.902	43.5772	27.2984	35.923	37.6799	1.40623	1.04553
25 <pt<30 	4<chiso range<12 	70.902	43.5772	27.2984	36.0864	37.5143	1.37001	1.02747
25 <pt<30 	4<chiso range<13 	70.902	43.5772	27.2984	35.0112	38.5781	1.61344	1.14319
25 <pt<30 	5<chiso range<10 	70.902	43.5772	27.2984	35.5638	38.1195	1.48971	1.09649
25 <pt<30 	5<chiso range<11 	70.902	43.5772	27.2984	35.3729	38.3076	1.53318	1.11702
25 <pt<30 	5<chiso range<12 	70.902	43.5772	27.2984	35.6279	38.0407	1.47465	1.08729
25 <pt<30 	5<chiso range<13 	70.902	43.5772	27.2984	34.4379	39.2078	1.75203	1.21511
25 <pt<30 	6<chiso range<11 	70.902	43.5772	27.2984	33.8829	39.6763	1.88439	1.26358
25 <pt<30 	6<chiso range<12 	70.902	43.5772	27.2984	34.3823	39.1799	1.76187	1.20852
25 <pt<30 	6<chiso range<13 	70.902	43.5772	27.2984	33.1671	40.3849	2.06616	1.34263
25 <pt<30 	7<chiso range<12 	70.902	43.5772	27.2984	34.1359	39.4286	1.82201	1.23619
25 <pt<30 	7<chiso range<13 	70.902	43.5772	27.2984	32.7252	40.8267	2.1825	1.39246
25 <pt<30 	8<chiso range<13 	70.902	43.5772	27.2984	32.691	40.9848	2.1983	1.41628
#######################################################################################
30 <pt<40 	3<chiso range<8 	66.0815	35.2543	30.7593	36.0524	31.6209	0.125707	0.084921
30 <pt<40 	3<chiso range<9 	66.0815	35.2543	30.7593	34.6151	33.1116	0.104942	0.23587
30 <pt<40 	3<chiso range<10 	66.0815	35.2543	30.7593	33.5896	34.1184	0.281287	0.339885
30 <pt<40 	3<chiso range<11 	66.0815	35.2543	30.7593	33.0189	34.7238	0.384571	0.404155
30 <pt<40 	3<chiso range<12 	66.0815	35.2543	30.7593	31.7005	35.9846	0.635071	0.537839
30 <pt<40 	3<chiso range<13 	66.0815	35.2543	30.7593	31.6613	36.032	0.643048	0.543174
30 <pt<40 	4<chiso range<9 	66.0815	35.2543	30.7593	33.4876	34.1804	0.298984	0.34571
30 <pt<40 	4<chiso range<10 	66.0815	35.2543	30.7593	32.4517	35.2045	0.488935	0.453481
30 <pt<40 	4<chiso range<11 	66.0815	35.2543	30.7593	31.9356	35.7637	0.589063	0.514338
30 <pt<40 	4<chiso range<12 	66.0815	35.2543	30.7593	30.5518	37.0908	0.870092	0.657391
30 <pt<40 	4<chiso range<13 	66.0815	35.2543	30.7593	30.6134	37.0415	0.857386	0.652344
30 <pt<40 	5<chiso range<10 	66.0815	35.2543	30.7593	32.7047	34.9607	0.44157	0.427781
30 <pt<40 	5<chiso range<11 	66.0815	35.2543	30.7593	32.0585	35.6575	0.565442	0.503289
30 <pt<40 	5<chiso range<12 	66.0815	35.2543	30.7593	30.4451	37.2021	0.893062	0.669807
30 <pt<40 	5<chiso range<13 	66.0815	35.2543	30.7593	30.5262	37.1346	0.876145	0.662787
30 <pt<40 	6<chiso range<11 	66.0815	35.2543	30.7593	30.7501	37.0209	0.831888	0.653485
30 <pt<40 	6<chiso range<12 	66.0815	35.2543	30.7593	29.0396	38.6347	1.21038	0.831043
30 <pt<40 	6<chiso range<13 	66.0815	35.2543	30.7593	29.304	38.3837	1.14912	0.803137
30 <pt<40 	7<chiso range<12 	66.0815	35.2543	30.7593	26.9307	40.7737	1.74824	1.07918
30 <pt<40 	7<chiso range<13 	66.0815	35.2543	30.7593	27.5468	40.1701	1.58368	1.00908
30 <pt<40 	8<chiso range<13 	66.0815	35.2543	30.7593	26.6393	41.0654	1.82906	1.11357
#######################################################################################
40 <pt<50 	3<chiso range<8 	30.9858	14.0952	16.8899	12.728	18.9327	0.363222	0.307734
40 <pt<50 	3<chiso range<9 	30.9858	14.0952	16.8899	12.4435	19.2089	0.448511	0.351659
40 <pt<50 	3<chiso range<10 	30.9858	14.0952	16.8899	12.4947	19.1641	0.433193	0.344774
40 <pt<50 	3<chiso range<11 	30.9858	14.0952	16.8899	12.3924	19.278	0.465453	0.363797
40 <pt<50 	3<chiso range<12 	30.9858	14.0952	16.8899	12.1828	19.488	0.531847	0.398059
40 <pt<50 	3<chiso range<13 	30.9858	14.0952	16.8899	11.8069	19.8461	0.655257	0.456089
40 <pt<50 	4<chiso range<9 	30.9858	14.0952	16.8899	12.0889	19.5606	0.560767	0.408751
40 <pt<50 	4<chiso range<10 	30.9858	14.0952	16.8899	12.2035	19.4539	0.524287	0.391746
40 <pt<50 	4<chiso range<11 	30.9858	14.0952	16.8899	12.1272	19.5447	0.549911	0.407422
40 <pt<50 	4<chiso range<12 	30.9858	14.0952	16.8899	11.9213	19.7518	0.618059	0.441651
40 <pt<50 	4<chiso range<13 	30.9858	14.0952	16.8899	11.5364	20.1174	0.749968	0.501432
40 <pt<50 	5<chiso range<10 	30.9858	14.0952	16.8899	12.2318	19.4211	0.514921	0.386132
40 <pt<50 	5<chiso range<11 	30.9858	14.0952	16.8899	12.136	19.5344	0.546954	0.405651
40 <pt<50 	5<chiso range<12 	30.9858	14.0952	16.8899	11.8928	19.7793	0.627586	0.446147
40 <pt<50 	5<chiso range<13 	30.9858	14.0952	16.8899	11.452	20.1984	0.780055	0.514809
40 <pt<50 	6<chiso range<11 	30.9858	14.0952	16.8899	12.02	19.6685	0.58619	0.428696
40 <pt<50 	6<chiso range<12 	30.9858	14.0952	16.8899	11.7493	19.9396	0.677943	0.473791
40 <pt<50 	6<chiso range<13 	30.9858	14.0952	16.8899	11.2517	20.3887	0.855036	0.54811
40 <pt<50 	7<chiso range<12 	30.9858	14.0952	16.8899	11.3541	20.3125	0.819678	0.537221
40 <pt<50 	7<chiso range<13 	30.9858	14.0952	16.8899	10.8553	20.7971	1.00914	0.617353
40 <pt<50 	8<chiso range<13 	30.9858	14.0952	16.8899	10.7994	20.855	1.03189	0.627344
#######################################################################################
50 <pt<65 	3<chiso range<8 	22.6788	9.29369	13.3731	7.95414	14.858	0.429969	0.26983
50 <pt<65 	3<chiso range<9 	22.6788	9.29369	13.3731	7.795	15.0295	0.490613	0.30264
50 <pt<65 	3<chiso range<10 	22.6788	9.29369	13.3731	7.86558	14.9462	0.463621	0.28699
50 <pt<65 	3<chiso range<11 	22.6788	9.29369	13.3731	7.87673	14.919	0.458206	0.281016
50 <pt<65 	3<chiso range<12 	22.6788	9.29369	13.3731	7.84316	14.9506	0.470971	0.287098
50 <pt<65 	3<chiso range<13 	22.6788	9.29369	13.3731	7.54645	15.2612	0.588639	0.34688
50 <pt<65 	4<chiso range<9 	22.6788	9.29369	13.3731	7.6018	15.2206	0.56724	0.339681
50 <pt<65 	4<chiso range<10 	22.6788	9.29369	13.3731	7.72359	15.1023	0.518671	0.3168
50 <pt<65 	4<chiso range<11 	22.6788	9.29369	13.3731	7.75549	15.0511	0.504692	0.306023
50 <pt<65 	4<chiso range<12 	22.6788	9.29369	13.3731	7.73394	15.0727	0.513141	0.310199
50 <pt<65 	4<chiso range<13 	22.6788	9.29369	13.3731	7.40664	15.3988	0.647057	0.373765
50 <pt<65 	5<chiso range<10 	22.6788	9.29369	13.3731	7.8664	14.9522	0.463779	0.288443
50 <pt<65 	5<chiso range<11 	22.6788	9.29369	13.3731	7.88172	14.914	0.456297	0.280042
50 <pt<65 	5<chiso range<12 	22.6788	9.29369	13.3731	7.83775	14.9554	0.47302	0.288012
50 <pt<65 	5<chiso range<13 	22.6788	9.29369	13.3731	7.46268	15.3444	0.623465	0.363154
50 <pt<65 	6<chiso range<11 	22.6788	9.29369	13.3731	7.54812	15.2233	0.584499	0.337536
50 <pt<65 	6<chiso range<12 	22.6788	9.29369	13.3731	7.55119	15.2247	0.583703	0.338068
50 <pt<65 	6<chiso range<13 	22.6788	9.29369	13.3731	7.15178	15.6282	0.75642	0.417596
50 <pt<65 	7<chiso range<12 	22.6788	9.29369	13.3731	7.60328	15.1928	0.564396	0.332958
50 <pt<65 	7<chiso range<13 	22.6788	9.29369	13.3731	7.11198	15.6851	0.776849	0.430103
50 <pt<65 	8<chiso range<13 	22.6788	9.29369	13.3731	7.06543	15.7289	0.798096	0.438693
#######################################################################################
65 <pt<100 	3<chiso range<8 	16.8375	4.85219	11.9853	4.27837	12.8093	0.239973	0.180615
65 <pt<100 	3<chiso range<9 	16.8375	4.85219	11.9853	4.16809	12.9121	0.292971	0.204128
65 <pt<100 	3<chiso range<10 	16.8375	4.85219	11.9853	4.40871	12.6884	0.180504	0.153257
65 <pt<100 	3<chiso range<11 	16.8375	4.85219	11.9853	4.298	12.8021	0.231367	0.179332
65 <pt<100 	3<chiso range<12 	16.8375	4.85219	11.9853	4.55673	12.5588	0.11691	0.124416
65 <pt<100 	3<chiso range<13 	16.8375	4.85219	11.9853	4.65147	12.4743	0.0780222	0.105732
65 <pt<100 	4<chiso range<9 	16.8375	4.85219	11.9853	4.15022	12.917	0.300971	0.204805
65 <pt<100 	4<chiso range<10 	16.8375	4.85219	11.9853	4.45644	12.6315	0.159079	0.140158
65 <pt<100 	4<chiso range<11 	16.8375	4.85219	11.9853	4.31519	12.7778	0.222969	0.173539
65 <pt<100 	4<chiso range<12 	16.8375	4.85219	11.9853	4.62134	12.4897	0.0900207	0.108893
65 <pt<100 	4<chiso range<13 	16.8375	4.85219	11.9853	4.74181	12.3706	0.0421227	0.0828993
65 <pt<100 	5<chiso range<10 	16.8375	4.85219	11.9853	4.48532	12.614	0.146915	0.136485
65 <pt<100 	5<chiso range<11 	16.8375	4.85219	11.9853	4.31373	12.7895	0.224151	0.176523
65 <pt<100 	5<chiso range<12 	16.8375	4.85219	11.9853	4.66322	12.4613	0.0732564	0.10282
65 <pt<100 	5<chiso range<13 	16.8375	4.85219	11.9853	4.78896	12.338	0.0239699	0.0759153
65 <pt<100 	6<chiso range<11 	16.8375	4.85219	11.9853	4.24248	12.8573	0.257767	0.19206
65 <pt<100 	6<chiso range<12 	16.8375	4.85219	11.9853	4.66143	12.4635	0.0739856	0.103318
65 <pt<100 	6<chiso range<13 	16.8375	4.85219	11.9853	4.80277	12.3267	0.0186916	0.0734612
65 <pt<100 	7<chiso range<12 	16.8375	4.85219	11.9853	4.75961	12.3726	0.0353514	0.083629
65 <pt<100 	7<chiso range<13 	16.8375	4.85219	11.9853	4.88686	12.2624	0.012944	0.0595778
65 <pt<100 	8<chiso range<13 	16.8375	4.85219	11.9853	5.04875	12.1214	0.0713741	0.0290996
#######################################################################################
100 <pt<400 	3<chiso range<8 	8.20897	1.10895	7.10002	1.68439	4.34095	0.21135	0.755334
100 <pt<400 	3<chiso range<9 	8.20897	1.10895	7.10002	1.64483	4.34095	0.201553	0.755334
100 <pt<400 	3<chiso range<10 	8.20897	1.10895	7.10002	1.57113	4.34095	0.181988	0.755334
100 <pt<400 	3<chiso range<11 	8.20897	1.10895	7.10002	1.58301	4.34095	0.185265	0.755334
100 <pt<400 	3<chiso range<12 	8.20897	1.10895	7.10002	1.62361	4.34095	0.196103	0.755334
100 <pt<400 	3<chiso range<13 	8.20897	1.10895	7.10002	1.60526	4.34095	0.191272	0.755334
100 <pt<400 	4<chiso range<9 	8.20897	1.10895	7.10002	1.64921	4.34095	0.202661	0.755334
100 <pt<400 	4<chiso range<10 	8.20897	1.10895	7.10002	1.56586	4.34095	0.180519	0.755334
100 <pt<400 	4<chiso range<11 	8.20897	1.10895	7.10002	1.57983	4.34095	0.184392	0.755334
100 <pt<400 	4<chiso range<12 	8.20897	1.10895	7.10002	1.62442	4.34095	0.196313	0.755334
100 <pt<400 	4<chiso range<13 	8.20897	1.10895	7.10002	1.60452	4.34095	0.191074	0.755334
100 <pt<400 	5<chiso range<10 	8.20897	1.10895	7.10002	1.51618	4.34095	0.166162	0.755334
100 <pt<400 	5<chiso range<11 	8.20897	1.10895	7.10002	1.54505	4.34095	0.174617	0.755334
100 <pt<400 	5<chiso range<12 	8.20897	1.10895	7.10002	1.6053	4.34095	0.191283	0.755334
100 <pt<400 	5<chiso range<13 	8.20897	1.10895	7.10002	1.58396	4.34095	0.185525	0.755334
100 <pt<400 	6<chiso range<11 	8.20897	1.10895	7.10002	1.59494	4.34095	0.188507	0.755334
100 <pt<400 	6<chiso range<12 	8.20897	1.10895	7.10002	1.65517	4.34095	0.204159	0.755334
100 <pt<400 	6<chiso range<13 	8.20897	1.10895	7.10002	1.62366	4.34095	0.196114	0.755334
100 <pt<400 	7<chiso range<12 	8.20897	1.10895	7.10002	1.65953	4.34095	0.205249	0.755334
100 <pt<400 	7<chiso range<13 	8.20897	1.10895	7.10002	1.6227	4.34095	0.195865	0.755334
100 <pt<400 	8<chiso range<13 	8.20897	1.10895	7.10002	1.53098	4.34095	0.170537	0.755334
#######################################################################################
