pt range	chiso range	DataNumber	FakeNumber	TrueNumber	fitFake_number	fitTrue_number	closureFake_test	closureTrue_test
#######################################################################################
20 <pt<25 	3<chiso range<8 	132.977	57.2264	75.3676	70.2422	53.4772	1.96611	1.66951
20 <pt<25 	3<chiso range<9 	132.977	57.2264	75.3676	65.3128	58.0941	1.31456	1.34327
20 <pt<25 	3<chiso range<10 	132.977	57.2264	75.3676	66.6379	56.7986	1.49853	1.43504
20 <pt<25 	3<chiso range<11 	132.977	57.2264	75.3676	63.4847	59.813	1.04662	1.21757
20 <pt<25 	3<chiso range<12 	132.977	57.2264	75.3676	65.2398	58.2375	1.30233	1.32973
20 <pt<25 	3<chiso range<13 	132.977	57.2264	75.3676	62.7942	60.6989	0.939696	1.14871
20 <pt<25 	4<chiso range<9 	132.977	57.2264	75.3676	62.1242	61.3055	0.836	1.10479
20 <pt<25 	4<chiso range<10 	132.977	57.2264	75.3676	64.0859	59.4429	1.13453	1.24134
20 <pt<25 	4<chiso range<11 	132.977	57.2264	75.3676	60.8303	62.5813	0.628727	1.01075
20 <pt<25 	4<chiso range<12 	132.977	57.2264	75.3676	63.0252	60.5598	0.974768	1.15833
20 <pt<25 	4<chiso range<13 	132.977	57.2264	75.3676	60.4909	63.1456	0.571637	0.965205
20 <pt<25 	5<chiso range<10 	132.977	57.2264	75.3676	57.6921	65.7776	0.0855418	0.765394
20 <pt<25 	5<chiso range<11 	132.977	57.2264	75.3676	55.0613	68.2777	0.417328	0.572385
20 <pt<25 	5<chiso range<12 	132.977	57.2264	75.3676	58.0501	65.4963	0.150291	0.786382
20 <pt<25 	5<chiso range<13 	132.977	57.2264	75.3676	55.7859	67.8165	0.273475	0.606553
20 <pt<25 	6<chiso range<11 	132.977	57.2264	75.3676	53.2958	70.0672	0.783308	0.431158
20 <pt<25 	6<chiso range<12 	132.977	57.2264	75.3676	56.9331	66.6362	0.0545874	0.698931
20 <pt<25 	6<chiso range<13 	132.977	57.2264	75.3676	54.5035	69.1515	0.529304	0.502019
20 <pt<25 	7<chiso range<12 	132.977	57.2264	75.3676	59.3895	64.4452	0.386014	0.867608
20 <pt<25 	7<chiso range<13 	132.977	57.2264	75.3676	56.0704	67.8641	0.218538	0.603665
20 <pt<25 	8<chiso range<13 	132.977	57.2264	75.3676	54.0441	69.7936	0.625056	0.452582
#######################################################################################
25 <pt<30 	3<chiso range<8 	70.3855	24.4037	45.7429	31.202	35.6875	1.4221	1.04914
25 <pt<30 	3<chiso range<9 	70.3855	24.4037	45.7429	28.5198	38.488	0.93869	0.771833
25 <pt<30 	3<chiso range<10 	70.3855	24.4037	45.7429	27.7289	39.2267	0.780606	0.698367
25 <pt<30 	3<chiso range<11 	70.3855	24.4037	45.7429	27.5594	39.4714	0.74468	0.672681
25 <pt<30 	3<chiso range<12 	70.3855	24.4037	45.7429	27.229	39.7094	0.675764	0.649669
25 <pt<30 	3<chiso range<13 	70.3855	24.4037	45.7429	27.4346	39.4473	0.720343	0.677471
25 <pt<30 	4<chiso range<9 	70.3855	24.4037	45.7429	26.3832	40.6541	0.487678	0.550777
25 <pt<30 	4<chiso range<10 	70.3855	24.4037	45.7429	25.7609	41.2372	0.342951	0.49093
25 <pt<30 	4<chiso range<11 	70.3855	24.4037	45.7429	25.771	41.3679	0.345314	0.477094
25 <pt<30 	4<chiso range<12 	70.3855	24.4037	45.7429	25.5876	41.403	0.301452	0.47404
25 <pt<30 	4<chiso range<13 	70.3855	24.4037	45.7429	25.956	40.9535	0.390058	0.521978
25 <pt<30 	5<chiso range<10 	70.3855	24.4037	45.7429	24.2561	42.671	0.039608	0.338492
25 <pt<30 	5<chiso range<11 	70.3855	24.4037	45.7429	24.5107	42.5464	0.0283927	0.351528
25 <pt<30 	5<chiso range<12 	70.3855	24.4037	45.7429	24.4191	42.502	0.00410821	0.357008
25 <pt<30 	5<chiso range<13 	70.3855	24.4037	45.7429	24.9361	41.9124	0.139265	0.420727
25 <pt<30 	6<chiso range<11 	70.3855	24.4037	45.7429	23.5156	43.7495	0.246233	0.221947
25 <pt<30 	6<chiso range<12 	70.3855	24.4037	45.7429	23.5725	43.4366	0.229988	0.256302
25 <pt<30 	6<chiso range<13 	70.3855	24.4037	45.7429	24.2756	42.6151	0.034454	0.345872
25 <pt<30 	7<chiso range<12 	70.3855	24.4037	45.7429	19.5681	47.4391	1.6073	0.193347
25 <pt<30 	7<chiso range<13 	70.3855	24.4037	45.7429	20.859	46.024	1.10719	0.0317962
25 <pt<30 	8<chiso range<13 	70.3855	24.4037	45.7429	22.6604	44.2593	0.501505	0.165788
#######################################################################################
30 <pt<40 	3<chiso range<8 	72.1733	19.23	52.7521	25.9113	43.3693	1.45628	0.978008
30 <pt<40 	3<chiso range<9 	72.1733	19.23	52.7521	24.4131	44.98	1.19412	0.818721
30 <pt<40 	3<chiso range<10 	72.1733	19.23	52.7521	24.1109	45.2036	1.1411	0.798819
30 <pt<40 	3<chiso range<11 	72.1733	19.23	52.7521	23.7959	45.5561	1.08207	0.763686
30 <pt<40 	3<chiso range<12 	72.1733	19.23	52.7521	23.624	45.7535	1.04765	0.743163
30 <pt<40 	3<chiso range<13 	72.1733	19.23	52.7521	22.9703	46.4243	0.916273	0.675505
30 <pt<40 	4<chiso range<9 	72.1733	19.23	52.7521	25.2632	44.1757	1.34171	0.895426
30 <pt<40 	4<chiso range<10 	72.1733	19.23	52.7521	24.7749	44.5585	1.26112	0.861466
30 <pt<40 	4<chiso range<11 	72.1733	19.23	52.7521	24.3613	44.9548	1.18739	0.823287
30 <pt<40 	4<chiso range<12 	72.1733	19.23	52.7521	24.0961	45.257	1.13685	0.792399
30 <pt<40 	4<chiso range<13 	72.1733	19.23	52.7521	23.2927	46.1339	0.980968	0.704164
30 <pt<40 	5<chiso range<10 	72.1733	19.23	52.7521	26.1813	43.1458	1.49775	0.997795
30 <pt<40 	5<chiso range<11 	72.1733	19.23	52.7521	25.4926	43.8187	1.38633	0.934324
30 <pt<40 	5<chiso range<12 	72.1733	19.23	52.7521	25.041	44.303	1.30735	0.885983
30 <pt<40 	5<chiso range<13 	72.1733	19.23	52.7521	24.0589	45.3184	1.12909	0.785734
30 <pt<40 	6<chiso range<11 	72.1733	19.23	52.7521	25.7656	43.5746	1.43164	0.957772
30 <pt<40 	6<chiso range<12 	72.1733	19.23	52.7521	25.183	44.1821	1.33125	0.897235
30 <pt<40 	6<chiso range<13 	72.1733	19.23	52.7521	24.0057	45.3934	1.1184	0.777784
30 <pt<40 	7<chiso range<12 	72.1733	19.23	52.7521	23.5905	45.8528	1.0427	0.734537
30 <pt<40 	7<chiso range<13 	72.1733	19.23	52.7521	22.4534	46.9712	0.807851	0.620308
30 <pt<40 	8<chiso range<13 	72.1733	19.23	52.7521	19.8501	49.6105	0.175094	0.343774
#######################################################################################
40 <pt<50 	3<chiso range<8 	35.8203	7.08703	28.6141	9.27275	25.0013	0.83598	0.566515
40 <pt<50 	3<chiso range<9 	35.8203	7.08703	28.6141	9.40789	24.7854	0.877024	0.599192
40 <pt<50 	3<chiso range<10 	35.8203	7.08703	28.6141	9.3293	24.8978	0.855081	0.583266
40 <pt<50 	3<chiso range<11 	35.8203	7.08703	28.6141	9.05162	25.2015	0.771096	0.538036
40 <pt<50 	3<chiso range<12 	35.8203	7.08703	28.6141	9.20692	25.0492	0.817279	0.559951
40 <pt<50 	3<chiso range<13 	35.8203	7.08703	28.6141	9.15953	25.0941	0.802244	0.552804
40 <pt<50 	4<chiso range<9 	35.8203	7.08703	28.6141	9.11792	25.0228	0.791995	0.564715
40 <pt<50 	4<chiso range<10 	35.8203	7.08703	28.6141	9.06436	25.1057	0.775786	0.552635
40 <pt<50 	4<chiso range<11 	35.8203	7.08703	28.6141	8.7798	25.4242	0.684534	0.504742
40 <pt<50 	4<chiso range<12 	35.8203	7.08703	28.6141	8.98641	25.2275	0.74978	0.533463
40 <pt<50 	4<chiso range<13 	35.8203	7.08703	28.6141	8.94569	25.2713	0.736272	0.526497
40 <pt<50 	5<chiso range<10 	35.8203	7.08703	28.6141	8.82586	25.3868	0.700342	0.510866
40 <pt<50 	5<chiso range<11 	35.8203	7.08703	28.6141	8.51653	25.7341	0.595546	0.458074
40 <pt<50 	5<chiso range<12 	35.8203	7.08703	28.6141	8.7959	25.4606	0.688588	0.498552
40 <pt<50 	5<chiso range<13 	35.8203	7.08703	28.6141	8.76506	25.4898	0.677641	0.493615
40 <pt<50 	6<chiso range<11 	35.8203	7.08703	28.6141	9.04609	25.2429	0.768536	0.53139
40 <pt<50 	6<chiso range<12 	35.8203	7.08703	28.6141	9.31487	24.9741	0.847484	0.570011
40 <pt<50 	6<chiso range<13 	35.8203	7.08703	28.6141	9.22483	25.0575	0.819721	0.556943
40 <pt<50 	7<chiso range<12 	35.8203	7.08703	28.6141	8.48752	25.781	0.584036	0.450036
40 <pt<50 	7<chiso range<13 	35.8203	7.08703	28.6141	8.47906	25.7873	0.580107	0.448414
40 <pt<50 	8<chiso range<13 	35.8203	7.08703	28.6141	8.98415	25.2422	0.748492	0.530918
#######################################################################################
50 <pt<65 	3<chiso range<8 	27.9817	5.30708	22.5784	3.91142	23.8104	0.744146	0.222715
50 <pt<65 	3<chiso range<9 	27.9817	5.30708	22.5784	4.24045	23.5487	0.512729	0.172413
50 <pt<65 	3<chiso range<10 	27.9817	5.30708	22.5784	4.26072	23.5091	0.502261	0.16542
50 <pt<65 	3<chiso range<11 	27.9817	5.30708	22.5784	3.8693	23.8883	0.767184	0.236184
50 <pt<65 	3<chiso range<12 	27.9817	5.30708	22.5784	3.78507	23.8973	0.840472	0.239391
50 <pt<65 	3<chiso range<13 	27.9817	5.30708	22.5784	3.42052	24.2126	1.15718	0.300781
50 <pt<65 	4<chiso range<9 	27.9817	5.30708	22.5784	3.67492	24.1818	0.896949	0.289233
50 <pt<65 	4<chiso range<10 	27.9817	5.30708	22.5784	3.78348	24.062	0.817685	0.266815
50 <pt<65 	4<chiso range<11 	27.9817	5.30708	22.5784	3.42747	24.3224	1.12661	0.318888
50 <pt<65 	4<chiso range<12 	27.9817	5.30708	22.5784	3.39558	24.2715	1.17331	0.311227
50 <pt<65 	4<chiso range<13 	27.9817	5.30708	22.5784	3.06914	24.5971	1.52705	0.374766
50 <pt<65 	5<chiso range<10 	27.9817	5.30708	22.5784	4.03371	23.956	0.624571	0.243477
50 <pt<65 	5<chiso range<11 	27.9817	5.30708	22.5784	3.58673	24.2428	0.971834	0.301386
50 <pt<65 	5<chiso range<12 	27.9817	5.30708	22.5784	3.53511	24.1703	1.03881	0.290807
50 <pt<65 	5<chiso range<13 	27.9817	5.30708	22.5784	3.13301	24.5597	1.44886	0.366927
50 <pt<65 	6<chiso range<11 	27.9817	5.30708	22.5784	3.38881	24.3301	1.16911	0.321217
50 <pt<65 	6<chiso range<12 	27.9817	5.30708	22.5784	3.34068	24.2562	1.23542	0.310094
50 <pt<65 	6<chiso range<13 	27.9817	5.30708	22.5784	2.93524	24.6988	1.70372	0.395954
50 <pt<65 	7<chiso range<12 	27.9817	5.30708	22.5784	3.26152	24.3757	1.32171	0.332452
50 <pt<65 	7<chiso range<13 	27.9817	5.30708	22.5784	2.79224	24.8348	1.90679	0.423638
50 <pt<65 	8<chiso range<13 	27.9817	5.30708	22.5784	2.99931	24.6442	1.6264	0.385599
#######################################################################################
65 <pt<400 	3<chiso range<8 	38.4048	3.57931	34.7096	3.84822	34.1216	0.151639	0.093283
65 <pt<400 	3<chiso range<9 	38.4048	3.57931	34.7096	3.52613	34.4222	0.0328219	0.0459655
65 <pt<400 	3<chiso range<10 	38.4048	3.57931	34.7096	3.24382	34.71	0.224957	6.43295e-05
65 <pt<400 	3<chiso range<11 	38.4048	3.57931	34.7096	3.02534	34.9515	0.395506	0.039044
65 <pt<400 	3<chiso range<12 	38.4048	3.57931	34.7096	2.94445	35.0612	0.464408	0.0567677
65 <pt<400 	3<chiso range<13 	38.4048	3.57931	34.7096	3.00934	34.9909	0.407418	0.0453803
65 <pt<400 	4<chiso range<9 	38.4048	3.57931	34.7096	3.33482	34.5727	0.159256	0.0220262
65 <pt<400 	4<chiso range<10 	38.4048	3.57931	34.7096	3.04538	34.9011	0.380832	0.0309343
65 <pt<400 	4<chiso range<11 	38.4048	3.57931	34.7096	2.80867	35.2004	0.590569	0.0794431
65 <pt<400 	4<chiso range<12 	38.4048	3.57931	34.7096	2.74756	35.2745	0.649952	0.0914985
65 <pt<400 	4<chiso range<13 	38.4048	3.57931	34.7096	2.82762	35.2074	0.569712	0.0804787
65 <pt<400 	5<chiso range<10 	38.4048	3.57931	34.7096	2.96579	34.9963	0.449074	0.0463462
65 <pt<400 	5<chiso range<11 	38.4048	3.57931	34.7096	2.70621	35.3121	0.693168	0.0976748
65 <pt<400 	5<chiso range<12 	38.4048	3.57931	34.7096	2.65	35.3828	0.751407	0.109195
65 <pt<400 	5<chiso range<13 	38.4048	3.57931	34.7096	2.74798	35.298	0.646909	0.0952307
65 <pt<400 	6<chiso range<11 	38.4048	3.57931	34.7096	2.32923	35.6933	1.15122	0.160533
65 <pt<400 	6<chiso range<12 	38.4048	3.57931	34.7096	2.32263	35.7167	1.15711	0.164284
65 <pt<400 	6<chiso range<13 	38.4048	3.57931	34.7096	2.4651	35.5903	0.9644	0.143242
65 <pt<400 	7<chiso range<12 	38.4048	3.57931	34.7096	2.03498	36.0293	1.61345	0.216192
65 <pt<400 	7<chiso range<13 	38.4048	3.57931	34.7096	2.23572	35.852	1.27441	0.186375
65 <pt<400 	8<chiso range<13 	38.4048	3.57931	34.7096	2.16353	35.9098	1.39135	0.19614
#######################################################################################
