pt range	chiso range	DataNumber	FakeNumber	TrueNumber	fitFake_number	fitTrue_number	closureFake_test	closureTrue_test
#######################################################################################
20 <pt<25 	3<chiso range<8 	128.137	54.7099	35.4272	44.5832	43.184	2.55512	0.759346
20 <pt<25 	3<chiso range<9 	128.137	54.7099	35.4272	44.0999	43.6805	2.70593	0.809171
20 <pt<25 	3<chiso range<10 	128.137	54.7099	35.4272	41.9009	45.9251	3.4359	1.03632
20 <pt<25 	3<chiso range<11 	128.137	54.7099	35.4272	42.9458	44.8787	3.0793	0.929753
20 <pt<25 	3<chiso range<12 	128.137	54.7099	35.4272	42.3173	45.509	3.29167	0.993849
20 <pt<25 	3<chiso range<13 	128.137	54.7099	35.4272	41.1904	46.6298	3.68887	1.1086
20 <pt<25 	4<chiso range<9 	128.137	54.7099	35.4272	47.3861	40.365	1.73955	0.478655
20 <pt<25 	4<chiso range<10 	128.137	54.7099	35.4272	44.1862	43.633	2.67786	0.803836
20 <pt<25 	4<chiso range<11 	128.137	54.7099	35.4272	45.2701	42.5455	2.34497	0.694685
20 <pt<25 	4<chiso range<12 	128.137	54.7099	35.4272	44.3413	43.4787	2.62921	0.788281
20 <pt<25 	4<chiso range<13 	128.137	54.7099	35.4272	42.8612	44.9541	3.10777	0.937567
20 <pt<25 	5<chiso range<10 	128.137	54.7099	35.4272	46.7602	41.0987	1.91162	0.550198
20 <pt<25 	5<chiso range<11 	128.137	54.7099	35.4272	47.8581	39.989	1.61025	0.440843
20 <pt<25 	5<chiso range<12 	128.137	54.7099	35.4272	46.4744	41.3781	1.99254	0.577959
20 <pt<25 	5<chiso range<13 	128.137	54.7099	35.4272	44.497	43.3492	2.58017	0.774897
20 <pt<25 	6<chiso range<11 	128.137	54.7099	35.4272	44.1348	43.8457	2.69052	0.822955
20 <pt<25 	6<chiso range<12 	128.137	54.7099	35.4272	42.9015	45.0637	3.09052	0.946239
20 <pt<25 	6<chiso range<13 	128.137	54.7099	35.4272	40.9531	46.9839	3.77167	1.14267
20 <pt<25 	7<chiso range<12 	128.137	54.7099	35.4272	41.8276	46.1124	3.45837	1.05339
20 <pt<25 	7<chiso range<13 	128.137	54.7099	35.4272	39.5111	48.3965	4.31936	1.2889
20 <pt<25 	8<chiso range<13 	128.137	54.7099	35.4272	35.6787	52.2163	5.9871	1.6886
#######################################################################################
25 <pt<30 	3<chiso range<8 	71.4077	26.058	22.8623	21.6239	26.1713	1.49474	0.439331
25 <pt<30 	3<chiso range<9 	71.4077	26.058	22.8623	21.5933	26.2102	1.50692	0.444493
25 <pt<30 	3<chiso range<10 	71.4077	26.058	22.8623	21.2043	26.5948	1.66802	0.496978
25 <pt<30 	3<chiso range<11 	71.4077	26.058	22.8623	20.4873	27.309	1.98095	0.595152
25 <pt<30 	3<chiso range<12 	71.4077	26.058	22.8623	20.4716	27.3166	1.98836	0.596366
25 <pt<30 	3<chiso range<13 	71.4077	26.058	22.8623	20.7023	27.0886	1.88509	0.564881
25 <pt<30 	4<chiso range<9 	71.4077	26.058	22.8623	21.3771	26.4259	1.59564	0.473849
25 <pt<30 	4<chiso range<10 	71.4077	26.058	22.8623	20.9493	26.8471	1.77695	0.531592
25 <pt<30 	4<chiso range<11 	71.4077	26.058	22.8623	20.1557	27.6394	2.13315	0.640873
25 <pt<30 	4<chiso range<12 	71.4077	26.058	22.8623	20.1676	27.6184	2.12797	0.63816
25 <pt<30 	4<chiso range<13 	71.4077	26.058	22.8623	20.4428	27.3465	2.00136	0.600474
25 <pt<30 	5<chiso range<10 	71.4077	26.058	22.8623	20.5884	27.2202	1.93507	0.582658
25 <pt<30 	5<chiso range<11 	71.4077	26.058	22.8623	19.684	28.121	2.35793	0.707586
25 <pt<30 	5<chiso range<12 	71.4077	26.058	22.8623	19.7486	28.0443	2.327	0.697185
25 <pt<30 	5<chiso range<13 	71.4077	26.058	22.8623	20.0953	27.7011	2.16135	0.6494
25 <pt<30 	6<chiso range<11 	71.4077	26.058	22.8623	20.5594	27.2476	1.94812	0.586466
25 <pt<30 	6<chiso range<12 	71.4077	26.058	22.8623	20.5228	27.2686	1.96514	0.589677
25 <pt<30 	6<chiso range<13 	71.4077	26.058	22.8623	20.9022	26.8935	1.79736	0.537972
25 <pt<30 	7<chiso range<12 	71.4077	26.058	22.8623	19.2357	28.5661	2.58228	0.769877
25 <pt<30 	7<chiso range<13 	71.4077	26.058	22.8623	19.8008	28.0056	2.30111	0.691478
25 <pt<30 	8<chiso range<13 	71.4077	26.058	22.8623	19.3268	28.46	2.53661	0.755397
#######################################################################################
30 <pt<35 	3<chiso range<8 	44.8924	16.0508	16.1163	11.4916	20.3081	2.02129	0.69279
30 <pt<35 	3<chiso range<9 	44.8924	16.0508	16.1163	10.9495	20.8549	2.3721	0.788092
30 <pt<35 	3<chiso range<10 	44.8924	16.0508	16.1163	10.9063	20.8979	2.4016	0.795654
30 <pt<35 	3<chiso range<11 	44.8924	16.0508	16.1163	11.1008	20.7073	2.27033	0.76206
30 <pt<35 	3<chiso range<12 	44.8924	16.0508	16.1163	10.7672	21.0446	2.49738	0.821127
30 <pt<35 	3<chiso range<13 	44.8924	16.0508	16.1163	10.3847	21.428	2.77588	0.888861
30 <pt<35 	4<chiso range<9 	44.8924	16.0508	16.1163	11.399	20.4079	2.07835	0.709858
30 <pt<35 	4<chiso range<10 	44.8924	16.0508	16.1163	11.2839	20.5225	2.15134	0.729843
30 <pt<35 	4<chiso range<11 	44.8924	16.0508	16.1163	11.478	20.3328	2.02881	0.69665
30 <pt<35 	4<chiso range<12 	44.8924	16.0508	16.1163	11.047	20.7682	2.30543	0.772423
30 <pt<35 	4<chiso range<13 	44.8924	16.0508	16.1163	10.582	21.2342	2.62931	0.85438
30 <pt<35 	5<chiso range<10 	44.8924	16.0508	16.1163	11.2059	20.6175	2.20013	0.745721
30 <pt<35 	5<chiso range<11 	44.8924	16.0508	16.1163	11.4553	20.3721	2.04156	0.702828
30 <pt<35 	5<chiso range<12 	44.8924	16.0508	16.1163	10.9378	20.8931	2.37758	0.793645
30 <pt<35 	5<chiso range<13 	44.8924	16.0508	16.1163	10.3919	21.4389	2.76849	0.889927
30 <pt<35 	6<chiso range<11 	44.8924	16.0508	16.1163	11.197	20.6338	2.20526	0.748261
30 <pt<35 	6<chiso range<12 	44.8924	16.0508	16.1163	10.645	21.1892	2.58194	0.845602
30 <pt<35 	6<chiso range<13 	44.8924	16.0508	16.1163	10.0564	21.7772	3.02934	0.949941
30 <pt<35 	7<chiso range<12 	44.8924	16.0508	16.1163	8.98051	22.8714	3.99501	1.1457
30 <pt<35 	7<chiso range<13 	44.8924	16.0508	16.1163	8.4264	23.4218	4.59016	1.24604
30 <pt<35 	8<chiso range<13 	44.8924	16.0508	16.1163	8.67456	23.1571	4.3174	1.19882
#######################################################################################
35 <pt<50 	3<chiso range<8 	65.455	17.3003	27.3818	14.3452	30.1825	1.02126	0.385997
35 <pt<50 	3<chiso range<9 	65.455	17.3003	27.3818	13.0391	31.5115	1.61882	0.576976
35 <pt<50 	3<chiso range<10 	65.455	17.3003	27.3818	12.9323	31.6154	1.67309	0.592191
35 <pt<50 	3<chiso range<11 	65.455	17.3003	27.3818	12.5948	31.95	1.85018	0.641226
35 <pt<50 	3<chiso range<12 	65.455	17.3003	27.3818	12.6832	31.8599	1.80308	0.628063
35 <pt<50 	3<chiso range<13 	65.455	17.3003	27.3818	12.1301	32.4038	2.11082	0.708432
35 <pt<50 	4<chiso range<9 	65.455	17.3003	27.3818	12.7825	31.776	1.74967	0.615355
35 <pt<50 	4<chiso range<10 	65.455	17.3003	27.3818	12.6912	31.8624	1.79805	0.628134
35 <pt<50 	4<chiso range<11 	65.455	17.3003	27.3818	12.3102	32.2401	2.00645	0.683748
35 <pt<50 	4<chiso range<12 	65.455	17.3003	27.3818	12.4424	32.1047	1.93302	0.663893
35 <pt<50 	4<chiso range<13 	65.455	17.3003	27.3818	11.8158	32.7212	2.29781	0.755428
35 <pt<50 	5<chiso range<10 	65.455	17.3003	27.3818	11.7104	32.822	2.36329	0.770586
35 <pt<50 	5<chiso range<11 	65.455	17.3003	27.3818	11.4043	33.1292	2.55887	0.816425
35 <pt<50 	5<chiso range<12 	65.455	17.3003	27.3818	11.6554	32.8755	2.39784	0.778609
35 <pt<50 	5<chiso range<13 	65.455	17.3003	27.3818	11.0238	33.4819	2.81849	0.870196
35 <pt<50 	6<chiso range<11 	65.455	17.3003	27.3818	9.75568	34.772	3.82512	1.06558
35 <pt<50 	6<chiso range<12 	65.455	17.3003	27.3818	10.2406	34.2849	3.41094	0.991252
35 <pt<50 	6<chiso range<13 	65.455	17.3003	27.3818	9.72922	34.7899	3.85024	1.06868
35 <pt<50 	7<chiso range<12 	65.455	17.3003	27.3818	11.447	33.0816	2.53151	0.809482
35 <pt<50 	7<chiso range<13 	65.455	17.3003	27.3818	10.6127	33.9028	3.11913	0.933585
35 <pt<50 	8<chiso range<13 	65.455	17.3003	27.3818	9.25579	35.2527	4.29896	1.14011
#######################################################################################
50 <pt<60 	3<chiso range<8 	18.8258	4.75256	9.49381	1.56472	10.0598	1.26038	0.0668622
50 <pt<60 	3<chiso range<9 	18.8258	4.75256	9.49381	2.58511	11.532	2.08993	0.53483
50 <pt<60 	3<chiso range<10 	18.8258	4.75256	9.49381	2.6974	11.4244	1.89944	0.50477
50 <pt<60 	3<chiso range<11 	18.8258	4.75256	9.49381	2.59552	11.5225	2.07143	0.532135
50 <pt<60 	3<chiso range<12 	18.8258	4.75256	9.49381	2.84225	11.2818	1.67661	0.465385
50 <pt<60 	3<chiso range<13 	18.8258	4.75256	9.49381	3.2626	10.861	1.14189	0.351171
50 <pt<60 	4<chiso range<9 	18.8258	4.75256	9.49381	2.74584	11.3726	1.82361	0.490706
50 <pt<60 	4<chiso range<10 	18.8258	4.75256	9.49381	2.84316	11.2793	1.67571	0.464797
50 <pt<60 	4<chiso range<11 	18.8258	4.75256	9.49381	2.70519	11.4139	1.88774	0.502047
50 <pt<60 	4<chiso range<12 	18.8258	4.75256	9.49381	2.98253	11.1415	1.48172	0.42705
50 <pt<60 	4<chiso range<13 	18.8258	4.75256	9.49381	3.4606	10.661	0.934645	0.297842
50 <pt<60 	5<chiso range<10 	18.8258	4.75256	9.49381	2.83652	11.2881	1.68482	0.467078
50 <pt<60 	5<chiso range<11 	18.8258	4.75256	9.49381	2.66494	11.4548	1.95313	0.513298
50 <pt<60 	5<chiso range<12 	18.8258	4.75256	9.49381	3.00959	11.1163	1.44572	0.420078
50 <pt<60 	5<chiso range<13 	18.8258	4.75256	9.49381	3.59206	10.53	0.80923	0.263173
50 <pt<60 	6<chiso range<11 	18.8258	4.75256	9.49381	3.03613	11.089	1.41163	0.412698
50 <pt<60 	6<chiso range<12 	18.8258	4.75256	9.49381	3.40665	10.7205	0.987954	0.313419
50 <pt<60 	6<chiso range<13 	18.8258	4.75256	9.49381	4.06962	10.0518	0.421362	0.139223
50 <pt<60 	7<chiso range<12 	18.8258	4.75256	9.49381	3.55081	10.5749	0.847066	0.274868
50 <pt<60 	7<chiso range<13 	18.8258	4.75256	9.49381	4.36455	9.74965	0.223679	0.0631369
50 <pt<60 	8<chiso range<13 	18.8258	4.75256	9.49381	4.24774	9.86854	0.298878	0.0929042
#######################################################################################
60 <pt<400 	3<chiso range<8 	31.5216	4.1047	20.6795	2.03581	22.5045	1.93434	0.371514
60 <pt<400 	3<chiso range<9 	31.5216	4.1047	20.6795	2.41944	22.1223	1.32649	0.290564
60 <pt<400 	3<chiso range<10 	31.5216	4.1047	20.6795	2.49595	22.0464	1.22742	0.274643
60 <pt<400 	3<chiso range<11 	31.5216	4.1047	20.6795	2.47495	22.0672	1.254	0.279001
60 <pt<400 	3<chiso range<12 	31.5216	4.1047	20.6795	2.33774	22.2066	1.43799	0.308215
60 <pt<400 	3<chiso range<13 	31.5216	4.1047	20.6795	2.26285	22.2784	1.5491	0.323469
60 <pt<400 	4<chiso range<9 	31.5216	4.1047	20.6795	3.05325	21.4801	0.657078	0.158119
60 <pt<400 	4<chiso range<10 	31.5216	4.1047	20.6795	3.06595	21.469	0.646274	0.155842
60 <pt<400 	4<chiso range<11 	31.5216	4.1047	20.6795	2.95256	21.5906	0.744132	0.180437
60 <pt<400 	4<chiso range<12 	31.5216	4.1047	20.6795	2.73484	21.8108	0.953895	0.225587
60 <pt<400 	4<chiso range<13 	31.5216	4.1047	20.6795	2.60887	21.9344	1.09217	0.251264
60 <pt<400 	5<chiso range<10 	31.5216	4.1047	20.6795	3.00994	21.4996	0.69416	0.162436
60 <pt<400 	5<chiso range<11 	31.5216	4.1047	20.6795	2.87989	21.6631	0.810885	0.195263
60 <pt<400 	5<chiso range<12 	31.5216	4.1047	20.6795	2.64069	21.9051	1.05545	0.24511
60 <pt<400 	5<chiso range<13 	31.5216	4.1047	20.6795	2.50856	22.0339	1.21168	0.272027
60 <pt<400 	6<chiso range<11 	31.5216	4.1047	20.6795	2.91872	21.623	0.7751	0.187085
60 <pt<400 	6<chiso range<12 	31.5216	4.1047	20.6795	2.6286	21.9166	1.0692	0.247515
60 <pt<400 	6<chiso range<13 	31.5216	4.1047	20.6795	2.47584	22.0658	1.25307	0.278723
60 <pt<400 	7<chiso range<12 	31.5216	4.1047	20.6795	2.81967	21.7375	0.865433	0.210205
60 <pt<400 	7<chiso range<13 	31.5216	4.1047	20.6795	2.60807	21.9429	1.0908	0.252825
60 <pt<400 	8<chiso range<13 	31.5216	4.1047	20.6795	2.58641	21.9615	1.11671	0.256777
#######################################################################################
