pt range	chiso range	DataNumber	FakeNumber	TrueNumber	fitFake_number	fitTrue_number	closureFake_test	closureTrue_test
#######################################################################################
20 <pt<25 	3<chiso range<8 	562.63	153.398	203.817	156.966	174.866	0.384134	1.39976
20 <pt<25 	3<chiso range<9 	562.63	153.398	203.817	155.896	175.852	0.270867	1.35462
20 <pt<25 	3<chiso range<10 	562.63	153.398	203.817	159.818	171.944	0.679003	1.5353
20 <pt<25 	3<chiso range<11 	562.63	153.398	203.817	158.204	173.439	0.513763	1.46761
20 <pt<25 	3<chiso range<12 	562.63	153.398	203.817	158.662	173.036	0.560939	1.48554
20 <pt<25 	3<chiso range<13 	562.63	153.398	203.817	155.646	176.092	0.244151	1.34345
20 <pt<25 	4<chiso range<9 	562.63	153.398	203.817	147.852	184.116	0.634179	0.965513
20 <pt<25 	4<chiso range<10 	562.63	153.398	203.817	153.562	178.355	0.0180561	1.23798
20 <pt<25 	4<chiso range<11 	562.63	153.398	203.817	152.453	179.362	0.104862	1.19179
20 <pt<25 	4<chiso range<12 	562.63	153.398	203.817	153.525	178.264	0.0139871	1.24242
20 <pt<25 	4<chiso range<13 	562.63	153.398	203.817	150.633	181.186	0.310305	1.10444
20 <pt<25 	5<chiso range<10 	562.63	153.398	203.817	148.95	182.944	0.504917	1.0214
20 <pt<25 	5<chiso range<11 	562.63	153.398	203.817	148.316	183.464	0.57975	0.99774
20 <pt<25 	5<chiso range<12 	562.63	153.398	203.817	149.994	181.756	0.383749	1.07792
20 <pt<25 	5<chiso range<13 	562.63	153.398	203.817	147.072	184.717	0.727091	0.936582
20 <pt<25 	6<chiso range<11 	562.63	153.398	203.817	144.742	187.178	1.01311	0.821395
20 <pt<25 	6<chiso range<12 	562.63	153.398	203.817	147.231	184.518	0.708781	0.947609
20 <pt<25 	6<chiso range<13 	562.63	153.398	203.817	144.202	187.575	1.07867	0.800288
20 <pt<25 	7<chiso range<12 	562.63	153.398	203.817	156.145	175.779	0.29734	1.35765
20 <pt<25 	7<chiso range<13 	562.63	153.398	203.817	151.032	180.921	0.264698	1.11612
20 <pt<25 	8<chiso range<13 	562.63	153.398	203.817	153.929	177.71	0.0583391	1.26877
#######################################################################################
25 <pt<30 	3<chiso range<8 	300.206	65.6566	119.671	71.2518	104.079	0.826896	1.04044
25 <pt<30 	3<chiso range<9 	300.206	65.6566	119.671	71.2137	104.254	0.820758	1.02774
25 <pt<30 	3<chiso range<10 	300.206	65.6566	119.671	70.014	105.398	0.654821	0.955265
25 <pt<30 	3<chiso range<11 	300.206	65.6566	119.671	71.2413	104.176	0.82462	1.03286
25 <pt<30 	3<chiso range<12 	300.206	65.6566	119.671	72.5683	102.879	1.0018	1.11467
25 <pt<30 	3<chiso range<13 	300.206	65.6566	119.671	71.8046	103.606	0.900765	1.06911
25 <pt<30 	4<chiso range<9 	300.206	65.6566	119.671	68.1048	107.243	0.378436	0.837071
25 <pt<30 	4<chiso range<10 	300.206	65.6566	119.671	67.1781	108.127	0.238497	0.779868
25 <pt<30 	4<chiso range<11 	300.206	65.6566	119.671	68.8378	106.55	0.486632	0.882203
25 <pt<30 	4<chiso range<12 	300.206	65.6566	119.671	70.5114	104.965	0.725073	0.984113
25 <pt<30 	4<chiso range<13 	300.206	65.6566	119.671	69.8668	105.533	0.634558	0.947657
25 <pt<30 	5<chiso range<10 	300.206	65.6566	119.671	67.1585	108.115	0.235514	0.780742
25 <pt<30 	5<chiso range<11 	300.206	65.6566	119.671	69.1674	106.192	0.534487	0.905281
25 <pt<30 	5<chiso range<12 	300.206	65.6566	119.671	71.1162	104.343	0.808443	1.02374
25 <pt<30 	5<chiso range<13 	300.206	65.6566	119.671	70.2992	105.078	0.695419	0.97678
25 <pt<30 	6<chiso range<11 	300.206	65.6566	119.671	69.2872	106.255	0.55161	0.900874
25 <pt<30 	6<chiso range<12 	300.206	65.6566	119.671	71.5885	104.098	0.872585	1.03931
25 <pt<30 	6<chiso range<13 	300.206	65.6566	119.671	70.5919	104.93	0.736037	0.985961
25 <pt<30 	7<chiso range<12 	300.206	65.6566	119.671	69.1433	106.766	0.530001	0.866084
25 <pt<30 	7<chiso range<13 	300.206	65.6566	119.671	68.3228	107.356	0.410169	0.828022
25 <pt<30 	8<chiso range<13 	300.206	65.6566	119.671	72.4558	103.2	0.986541	1.09374
#######################################################################################
30 <pt<40 	3<chiso range<8 	308.565	53.4744	137.031	56.1245	126.427	0.405386	0.700456
30 <pt<40 	3<chiso range<9 	308.565	53.4744	137.031	56.1492	126.477	0.408384	0.696229
30 <pt<40 	3<chiso range<10 	308.565	53.4744	137.031	54.8652	127.637	0.217636	0.623122
30 <pt<40 	3<chiso range<11 	308.565	53.4744	137.031	56.3818	126.153	0.442507	0.717537
30 <pt<40 	3<chiso range<12 	308.565	53.4744	137.031	56.4726	126.055	0.455727	0.723977
30 <pt<40 	3<chiso range<13 	308.565	53.4744	137.031	55.4879	127.158	0.311169	0.653019
30 <pt<40 	4<chiso range<9 	308.565	53.4744	137.031	56.6214	125.975	0.47662	0.728322
30 <pt<40 	4<chiso range<10 	308.565	53.4744	137.031	55.0436	127.418	0.244901	0.637547
30 <pt<40 	4<chiso range<11 	308.565	53.4744	137.031	56.7649	125.734	0.497617	0.744394
30 <pt<40 	4<chiso range<12 	308.565	53.4744	137.031	56.8231	125.673	0.506052	0.748488
30 <pt<40 	4<chiso range<13 	308.565	53.4744	137.031	55.691	126.943	0.341389	0.666909
30 <pt<40 	5<chiso range<10 	308.565	53.4744	137.031	54.2686	128.232	0.125636	0.584818
30 <pt<40 	5<chiso range<11 	308.565	53.4744	137.031	56.382	126.166	0.442436	0.716542
30 <pt<40 	5<chiso range<12 	308.565	53.4744	137.031	56.5014	126.033	0.459813	0.72528
30 <pt<40 	5<chiso range<13 	308.565	53.4744	137.031	55.2463	127.437	0.274921	0.634923
30 <pt<40 	6<chiso range<11 	308.565	53.4744	137.031	55.9168	126.693	0.374514	0.682602
30 <pt<40 	6<chiso range<12 	308.565	53.4744	137.031	56.1296	126.458	0.405841	0.697975
30 <pt<40 	6<chiso range<13 	308.565	53.4744	137.031	54.6977	128.056	0.191564	0.594792
30 <pt<40 	7<chiso range<12 	308.565	53.4744	137.031	58.2478	124.441	0.702328	0.823931
30 <pt<40 	7<chiso range<13 	308.565	53.4744	137.031	56.1922	126.626	0.413812	0.685365
30 <pt<40 	8<chiso range<13 	308.565	53.4744	137.031	54.7203	128.038	0.19493	0.595665
#######################################################################################
40 <pt<50 	3<chiso range<8 	142.066	21.2986	73.6064	23.7342	68.0049	0.582392	0.534387
40 <pt<50 	3<chiso range<9 	142.066	21.2986	73.6064	23.5369	68.1381	0.54037	0.522747
40 <pt<50 	3<chiso range<10 	142.066	21.2986	73.6064	23.7484	67.959	0.585655	0.538766
40 <pt<50 	3<chiso range<11 	142.066	21.2986	73.6064	22.8977	68.821	0.396511	0.459322
40 <pt<50 	3<chiso range<12 	142.066	21.2986	73.6064	23.6566	68.107	0.565401	0.524787
40 <pt<50 	3<chiso range<13 	142.066	21.2986	73.6064	23.9043	67.8504	0.61879	0.54865
40 <pt<50 	4<chiso range<9 	142.066	21.2986	73.6064	23.8096	67.8733	0.598366	0.546301
40 <pt<50 	4<chiso range<10 	142.066	21.2986	73.6064	24.0211	67.697	0.64247	0.561933
40 <pt<50 	4<chiso range<11 	142.066	21.2986	73.6064	23.0117	68.7106	0.422065	0.468955
40 <pt<50 	4<chiso range<12 	142.066	21.2986	73.6064	23.8605	67.9091	0.60811	0.542156
40 <pt<50 	4<chiso range<13 	142.066	21.2986	73.6064	24.134	67.6187	0.665971	0.569054
40 <pt<50 	5<chiso range<10 	142.066	21.2986	73.6064	23.7408	67.9892	0.583237	0.535349
40 <pt<50 	5<chiso range<11 	142.066	21.2986	73.6064	22.5866	69.1512	0.323395	0.428166
40 <pt<50 	5<chiso range<12 	142.066	21.2986	73.6064	23.6239	68.1715	0.557554	0.518217
40 <pt<50 	5<chiso range<13 	142.066	21.2986	73.6064	23.9489	67.8303	0.627523	0.549948
40 <pt<50 	6<chiso range<11 	142.066	21.2986	73.6064	23.735	68.0074	0.582078	0.533752
40 <pt<50 	6<chiso range<12 	142.066	21.2986	73.6064	24.8262	66.9852	0.804569	0.625763
40 <pt<50 	6<chiso range<13 	142.066	21.2986	73.6064	25.1378	66.6525	0.865952	0.656431
40 <pt<50 	7<chiso range<12 	142.066	21.2986	73.6064	22.6082	69.2292	0.327851	0.42017
40 <pt<50 	7<chiso range<13 	142.066	21.2986	73.6064	23.143	68.6712	0.451802	0.472575
40 <pt<50 	8<chiso range<13 	142.066	21.2986	73.6064	24.1381	67.6425	0.668069	0.567855
#######################################################################################
50 <pt<70 	3<chiso range<8 	121.007	15.1091	71.8308	12.4609	72.4203	0.847866	0.0600767
50 <pt<70 	3<chiso range<9 	121.007	15.1091	71.8308	12.0275	72.9247	1.01804	0.111747
50 <pt<70 	3<chiso range<10 	121.007	15.1091	71.8308	12.2185	72.7398	0.939718	0.092684
50 <pt<70 	3<chiso range<11 	121.007	15.1091	71.8308	11.0791	73.9301	1.44056	0.216014
50 <pt<70 	3<chiso range<12 	121.007	15.1091	71.8308	10.9141	74.0792	1.52338	0.231751
50 <pt<70 	3<chiso range<13 	121.007	15.1091	71.8308	10.3917	74.6238	1.79708	0.289039
50 <pt<70 	4<chiso range<9 	121.007	15.1091	71.8308	11.5207	73.5722	1.22828	0.178208
50 <pt<70 	4<chiso range<10 	121.007	15.1091	71.8308	11.8052	73.2768	1.1043	0.147627
50 <pt<70 	4<chiso range<11 	121.007	15.1091	71.8308	10.5821	74.5424	1.68368	0.279603
50 <pt<70 	4<chiso range<12 	121.007	15.1091	71.8308	10.4511	74.5516	1.75701	0.281459
50 <pt<70 	4<chiso range<13 	121.007	15.1091	71.8308	9.92795	75.1793	2.05577	0.347275
50 <pt<70 	5<chiso range<10 	121.007	15.1091	71.8308	12.6167	72.3531	0.78425	0.0530455
50 <pt<70 	5<chiso range<11 	121.007	15.1091	71.8308	10.9527	74.0869	1.50038	0.232263
50 <pt<70 	5<chiso range<12 	121.007	15.1091	71.8308	10.7488	74.2669	1.60596	0.25136
50 <pt<70 	5<chiso range<13 	121.007	15.1091	71.8308	10.0927	74.9504	1.965	0.323504
50 <pt<70 	6<chiso range<11 	121.007	15.1091	71.8308	10.1263	74.9023	1.94644	0.318477
50 <pt<70 	6<chiso range<12 	121.007	15.1091	71.8308	10.0199	74.982	2.01199	0.32719
50 <pt<70 	6<chiso range<13 	121.007	15.1091	71.8308	9.36545	75.6676	2.4254	0.400254
50 <pt<70 	7<chiso range<12 	121.007	15.1091	71.8308	9.3493	75.6839	2.43712	0.402061
50 <pt<70 	7<chiso range<13 	121.007	15.1091	71.8308	8.71941	76.3462	2.89425	0.473216
50 <pt<70 	8<chiso range<13 	121.007	15.1091	71.8308	8.21198	76.9814	3.29541	0.540734
#######################################################################################
70 <pt<400 	3<chiso range<8 	99.5372	9.3894	73.0139	6.6196	74.2122	1.49394	0.131485
70 <pt<400 	3<chiso range<9 	99.5372	9.3894	73.0139	6.51192	74.3652	1.57811	0.148268
70 <pt<400 	3<chiso range<10 	99.5372	9.3894	73.0139	6.54784	74.4175	1.54674	0.153694
70 <pt<400 	3<chiso range<11 	99.5372	9.3894	73.0139	6.39119	74.5605	1.66629	0.169613
70 <pt<400 	3<chiso range<12 	99.5372	9.3894	73.0139	6.12033	74.8346	1.8985	0.200022
70 <pt<400 	3<chiso range<13 	99.5372	9.3894	73.0139	6.2584	74.7486	1.77725	0.190168
70 <pt<400 	4<chiso range<9 	99.5372	9.3894	73.0139	6.17039	74.776	1.8609	0.193505
70 <pt<400 	4<chiso range<10 	99.5372	9.3894	73.0139	6.27711	74.6985	1.76572	0.184771
70 <pt<400 	4<chiso range<11 	99.5372	9.3894	73.0139	6.1193	74.9175	1.89462	0.208783
70 <pt<400 	4<chiso range<12 	99.5372	9.3894	73.0139	5.85693	75.163	2.14053	0.23619
70 <pt<400 	4<chiso range<13 	99.5372	9.3894	73.0139	6.05633	74.913	1.95416	0.208656
70 <pt<400 	5<chiso range<10 	99.5372	9.3894	73.0139	6.16148	74.8942	1.85533	0.206115
70 <pt<400 	5<chiso range<11 	99.5372	9.3894	73.0139	5.99775	75.0808	1.99294	0.226782
70 <pt<400 	5<chiso range<12 	99.5372	9.3894	73.0139	5.70544	75.3877	2.27993	0.260828
70 <pt<400 	5<chiso range<13 	99.5372	9.3894	73.0139	5.94685	75.0911	2.04635	0.228124
70 <pt<400 	6<chiso range<11 	99.5372	9.3894	73.0139	5.92298	75.2115	2.05671	0.241077
70 <pt<400 	6<chiso range<12 	99.5372	9.3894	73.0139	5.59859	75.5281	2.38657	0.276349
70 <pt<400 	6<chiso range<13 	99.5372	9.3894	73.0139	5.87867	75.2284	2.10712	0.243002
70 <pt<400 	7<chiso range<12 	99.5372	9.3894	73.0139	5.37267	75.771	2.63068	0.303378
70 <pt<400 	7<chiso range<13 	99.5372	9.3894	73.0139	5.73833	75.3821	2.24229	0.260035
70 <pt<400 	8<chiso range<13 	99.5372	9.3894	73.0139	5.88479	75.2069	2.10304	0.240677
#######################################################################################
