20 <pt<25 	3 <chiso<8 32.27	17.31	1.66	9.01
20 <pt<25 	3 <chiso<9 32.27	20.77	1.77	6.50
20 <pt<25 	3 <chiso<10 32.27	23.08	1.87	4.92
20 <pt<25 	3 <chiso<11 32.27	25.96	1.96	3.22
20 <pt<25 	3 <chiso<12 32.27	27.90	2.03	2.15
20 <pt<25 	3 <chiso<13 32.27	28.95	2.08	1.59
20 <pt<25 	4 <chiso<9 32.27	16.55	1.59	9.89
20 <pt<25 	4 <chiso<10 32.27	18.87	1.70	7.90
20 <pt<25 	4 <chiso<11 32.27	21.65	1.80	5.90
20 <pt<25 	4 <chiso<12 32.27	23.60	1.88	4.62
20 <pt<25 	4 <chiso<13 32.27	24.67	1.93	3.94
20 <pt<25 	5 <chiso<10 32.27	14.00	1.51	12.14
20 <pt<25 	5 <chiso<11 32.27	16.76	1.62	9.57
20 <pt<25 	5 <chiso<12 32.27	18.74	1.71	7.92
20 <pt<25 	5 <chiso<13 32.27	19.82	1.76	7.06
20 <pt<25 	6 <chiso<11 32.27	14.13	1.46	12.40
20 <pt<25 	6 <chiso<12 32.27	16.10	1.56	10.36
20 <pt<25 	6 <chiso<13 32.27	17.19	1.62	9.30
20 <pt<25 	7 <chiso<12 32.27	13.69	1.37	13.54
20 <pt<25 	7 <chiso<13 32.27	14.72	1.44	12.18
20 <pt<25 	8 <chiso<13 32.27	11.52	1.25	16.55
25 <pt<30 	3 <chiso<8 14.50	11.88	1.34	1.96
25 <pt<30 	3 <chiso<9 14.50	14.03	1.43	0.33
25 <pt<30 	3 <chiso<10 14.50	16.27	1.51	1.17
25 <pt<30 	3 <chiso<11 14.50	17.19	1.56	1.72
25 <pt<30 	3 <chiso<12 14.50	18.40	1.62	2.41
25 <pt<30 	3 <chiso<13 14.50	20.18	1.68	3.39
25 <pt<30 	4 <chiso<9 14.50	10.97	1.29	2.75
25 <pt<30 	4 <chiso<10 14.50	13.22	1.37	0.94
25 <pt<30 	4 <chiso<11 14.50	14.13	1.43	0.26
25 <pt<30 	4 <chiso<12 14.50	15.33	1.49	0.56
25 <pt<30 	4 <chiso<13 14.50	17.11	1.55	1.67
25 <pt<30 	5 <chiso<10 14.50	9.88	1.22	3.81
25 <pt<30 	5 <chiso<11 14.50	10.79	1.28	2.89
25 <pt<30 	5 <chiso<12 14.50	12.25	1.35	1.67
25 <pt<30 	5 <chiso<13 14.50	14.01	1.42	0.35
25 <pt<30 	6 <chiso<11 14.50	8.74	1.13	5.12
25 <pt<30 	6 <chiso<12 14.50	9.96	1.20	3.79
25 <pt<30 	6 <chiso<13 14.50	11.72	1.28	2.18
25 <pt<30 	7 <chiso<12 14.50	8.25	1.07	5.83
25 <pt<30 	7 <chiso<13 14.50	9.99	1.16	3.89
25 <pt<30 	8 <chiso<13 14.50	8.14	1.01	6.29
30 <pt<35 	3 <chiso<8 7.60	5.63	1.11	1.78
30 <pt<35 	3 <chiso<9 7.60	6.93	1.19	0.57
30 <pt<35 	3 <chiso<10 7.60	7.46	1.25	0.12
30 <pt<35 	3 <chiso<11 7.60	8.34	1.29	0.57
30 <pt<35 	3 <chiso<12 7.60	8.42	1.32	0.62
30 <pt<35 	3 <chiso<13 7.60	9.04	1.36	1.06
30 <pt<35 	4 <chiso<9 7.60	6.31	1.07	1.21
30 <pt<35 	4 <chiso<10 7.60	6.83	1.14	0.68
30 <pt<35 	4 <chiso<11 7.60	7.70	1.18	0.09
30 <pt<35 	4 <chiso<12 7.60	7.79	1.22	0.15
30 <pt<35 	4 <chiso<13 7.60	8.40	1.26	0.63
30 <pt<35 	5 <chiso<10 7.60	5.20	1.02	2.35
30 <pt<35 	5 <chiso<11 7.60	6.11	1.07	1.39
30 <pt<35 	5 <chiso<12 7.60	6.19	1.12	1.27
30 <pt<35 	5 <chiso<13 7.60	6.87	1.16	0.63
30 <pt<35 	6 <chiso<11 7.60	5.41	0.95	2.32
30 <pt<35 	6 <chiso<12 7.60	5.55	0.99	2.06
30 <pt<35 	6 <chiso<13 7.60	6.25	1.04	1.30
30 <pt<35 	7 <chiso<12 7.60	3.36	0.87	4.87
30 <pt<35 	7 <chiso<13 7.60	4.04	0.93	3.83
30 <pt<35 	8 <chiso<13 7.60	3.49	0.79	5.19
35 <pt<65 	3 <chiso<8 14.06	12.30	1.53	1.14
35 <pt<65 	3 <chiso<9 14.06	15.28	1.65	0.74
35 <pt<65 	3 <chiso<10 14.06	17.33	1.75	1.87
35 <pt<65 	3 <chiso<11 14.06	19.13	1.83	2.76
35 <pt<65 	3 <chiso<12 14.06	19.92	1.89	3.10
35 <pt<65 	3 <chiso<13 14.06	21.69	1.97	3.87
35 <pt<65 	4 <chiso<9 14.06	12.78	1.50	0.85
35 <pt<65 	4 <chiso<10 14.06	14.82	1.60	0.48
35 <pt<65 	4 <chiso<11 14.06	16.62	1.69	1.51
35 <pt<65 	4 <chiso<12 14.06	17.42	1.75	1.92
35 <pt<65 	4 <chiso<13 14.06	19.19	1.84	2.78
35 <pt<65 	5 <chiso<10 14.06	12.72	1.43	0.94
35 <pt<65 	5 <chiso<11 14.06	14.52	1.53	0.30
35 <pt<65 	5 <chiso<12 14.06	15.32	1.59	0.79
35 <pt<65 	5 <chiso<13 14.06	17.08	1.69	1.79
35 <pt<65 	6 <chiso<11 14.06	11.40	1.37	1.93
35 <pt<65 	6 <chiso<12 14.06	12.20	1.45	1.28
35 <pt<65 	6 <chiso<13 14.06	13.96	1.55	0.06
35 <pt<65 	7 <chiso<12 14.06	10.15	1.30	3.02
35 <pt<65 	7 <chiso<13 14.06	11.91	1.41	1.52
35 <pt<65 	8 <chiso<13 14.06	9.48	1.24	3.70
65 <pt<400 	3 <chiso<8 3.90	5.51	0.87	1.86
65 <pt<400 	3 <chiso<9 3.90	6.85	0.96	3.07
65 <pt<400 	3 <chiso<10 3.90	7.99	1.02	4.02
65 <pt<400 	3 <chiso<11 3.90	8.70	1.07	4.48
65 <pt<400 	3 <chiso<12 3.90	9.47	1.12	4.98
65 <pt<400 	3 <chiso<13 3.90	10.30	1.19	5.40
65 <pt<400 	4 <chiso<9 3.90	5.83	0.87	2.22
65 <pt<400 	4 <chiso<10 3.90	6.97	0.93	3.29
65 <pt<400 	4 <chiso<11 3.90	7.68	0.99	3.81
65 <pt<400 	4 <chiso<12 3.90	8.45	1.04	4.36
65 <pt<400 	4 <chiso<13 3.90	9.28	1.11	4.83
65 <pt<400 	5 <chiso<10 3.90	5.34	0.84	1.72
65 <pt<400 	5 <chiso<11 3.90	6.06	0.91	2.39
65 <pt<400 	5 <chiso<12 3.90	6.83	0.96	3.05
65 <pt<400 	5 <chiso<13 3.90	7.66	1.04	3.62
65 <pt<400 	6 <chiso<11 3.90	4.71	0.83	0.98
65 <pt<400 	6 <chiso<12 3.90	5.49	0.89	1.78
65 <pt<400 	6 <chiso<13 3.90	6.32	0.98	2.48
65 <pt<400 	7 <chiso<12 3.90	4.47	0.79	0.72
65 <pt<400 	7 <chiso<13 3.90	5.29	0.88	1.58
65 <pt<400 	8 <chiso<13 3.90	4.79	0.81	1.11
