pt: 20 ~ 25
*	3	4	5	6	7	8
8	1.94
9	2.11	1.41
10	2.87	2.36	1.84
11	2.56	2.07	1.56	2.73
12	2.83	2.39	1.97	3.15	3.52
13	3.155	2.795	2.451	3.668	4.178	5.616
############################################################
pt: 25 ~ 30
*	3	4	5	6	7	8
8	1.19
9	1.26	1.43
10	1.35	1.52	1.60
11	1.59	1.79	1.92	1.59
12	1.58	1.76	1.87	1.57	2.13
13	1.491	1.642	1.725	1.416	1.877	2.010
############################################################
pt: 30 ~ 40
*	3	4	5	6	7	8
8	2.76
9	3.35	3.46
10	3.38	3.49	3.67
11	3.31	3.40	3.54	4.28
12	3.23	3.29	3.39	4.00	4.30
13	3.670	3.813	4.027	4.743	5.279	5.660
############################################################
pt: 40 ~ 50
*	3	4	5	6	7	8
8	0.61
9	0.28	0.34
10	0.17	0.19	0.24
11	0.01	0.02	0.45	0.90
12	0.15	0.20	0.61	1.06	0.93
13	0.222	0.278	0.680	1.100	0.993	1.711
############################################################
pt: 50 ~ 70
*	3	4	5	6	7	8
8	2.24
9	2.07	1.62
10	1.96	1.59	1.40
11	2.10	1.78	1.66	1.65
12	2.06	1.78	1.66	1.66	1.68
13	1.777	1.506	1.371	1.327	1.288	1.310
############################################################
pt: 70 ~ 100
*	3	4	5	6	7	8
8	0.02
9	0.19	0.47
10	0.22	0.45	0.20
11	0.19	0.40	0.17	0.19
12	0.23	0.42	0.22	0.25	0.42
13	0.147	0.342	0.113	0.124	0.299	0.325
############################################################
pt: 100 ~ 120
*	3	4	5	6	7	8
8	1.22
9	0.56	0.43
10	0.74	0.59	0.17
11	0.67	0.56	0.27	0.08
12	0.75	0.64	0.31	0.11	0.03
13	1.087	0.985	0.615	0.424	0.358	0.866
############################################################
pt: 120 ~ 400
*	3	4	5	6	7	8
8	0.53
9	0.40	0.42
10	0.44	0.44	0.35
11	0.43	0.45	0.48	0.13
12	0.54	0.58	0.63	0.37	0.21
13	0.354	0.364	0.386	0.083	0.010	0.472
############################################################
