pt range	chiso range	DataNumber	FakeNumber	TrueNumber	fitFake_number	fitTrue_number	closureFake_test	closureTrue_test
#######################################################################################
20 <pt<25 	3<chiso range<8 	128.137	54.8953	73.22	51.4713	75.4524	0.688395	0.171316
20 <pt<25 	3<chiso range<9 	128.137	54.8953	73.22	50.4326	76.7002	0.91389	0.267636
20 <pt<25 	3<chiso range<10 	128.137	54.8953	73.22	47.6775	79.93	1.55649	0.519265
20 <pt<25 	3<chiso range<11 	128.137	54.8953	73.22	48.691	78.9673	1.30945	0.442808
20 <pt<25 	3<chiso range<12 	128.137	54.8953	73.22	47.9343	79.7139	1.49241	0.501816
20 <pt<25 	3<chiso range<13 	128.137	54.8953	73.22	46.565	80.9313	1.84091	0.599784
20 <pt<25 	4<chiso range<9 	128.137	54.8953	73.22	52.9343	74.1893	0.382663	0.0738194
20 <pt<25 	4<chiso range<10 	128.137	54.8953	73.22	49.1466	78.5697	1.20144	0.41125
20 <pt<25 	4<chiso range<11 	128.137	54.8953	73.22	50.2581	77.5139	0.947206	0.328473
20 <pt<25 	4<chiso range<12 	128.137	54.8953	73.22	49.2321	78.5199	1.18102	0.407102
20 <pt<25 	4<chiso range<13 	128.137	54.8953	73.22	47.5173	80.0467	1.59676	0.528702
20 <pt<25 	5<chiso range<10 	128.137	54.8953	73.22	50.8338	77.7417	0.814257	0.342701
20 <pt<25 	5<chiso range<11 	128.137	54.8953	73.22	52.0493	76.5091	0.557313	0.248094
20 <pt<25 	5<chiso range<12 	128.137	54.8953	73.22	50.6307	77.8242	0.859246	0.349544
20 <pt<25 	5<chiso range<13 	128.137	54.8953	73.22	48.4535	79.6939	1.35991	0.496991
20 <pt<25 	6<chiso range<11 	128.137	54.8953	73.22	47.3608	82.7345	1.5982	0.721238
20 <pt<25 	6<chiso range<12 	128.137	54.8953	73.22	46.2226	83.549	1.89044	0.78857
20 <pt<25 	6<chiso range<13 	128.137	54.8953	73.22	44.1725	85.0522	2.45788	0.914616
20 <pt<25 	7<chiso range<12 	128.137	54.8953	73.22	44.9216	84.5444	2.24288	0.87098
20 <pt<25 	7<chiso range<13 	128.137	54.8953	73.22	42.4878	86.3552	2.96668	1.0249
20 <pt<25 	8<chiso range<13 	128.137	54.8953	73.22	38.6921	89.7911	4.26738	1.3148
#######################################################################################
25 <pt<30 	3<chiso range<8 	71.4077	26.1328	45.2634	25.5542	45.0842	0.156218	0.0187432
25 <pt<30 	3<chiso range<9 	71.4077	26.1328	45.2634	25.3751	45.378	0.205533	0.011977
25 <pt<30 	3<chiso range<10 	71.4077	26.1328	45.2634	24.7622	45.9538	0.381208	0.0725251
25 <pt<30 	3<chiso range<11 	71.4077	26.1328	45.2634	23.8076	46.9019	0.672558	0.173325
25 <pt<30 	3<chiso range<12 	71.4077	26.1328	45.2634	23.7187	46.9071	0.702049	0.174246
25 <pt<30 	3<chiso range<13 	71.4077	26.1328	45.2634	23.9604	46.6964	0.625034	0.151563
25 <pt<30 	4<chiso range<9 	71.4077	26.1328	45.2634	24.6164	46.17	0.423644	0.0952158
25 <pt<30 	4<chiso range<10 	71.4077	26.1328	45.2634	23.9902	46.7492	0.614633	0.156867
25 <pt<30 	4<chiso range<11 	71.4077	26.1328	45.2634	22.9869	47.7417	0.941807	0.263576
25 <pt<30 	4<chiso range<12 	71.4077	26.1328	45.2634	22.9574	47.6751	0.95376	0.257003
25 <pt<30 	4<chiso range<13 	71.4077	26.1328	45.2634	23.2674	47.3994	0.848658	0.226987
25 <pt<30 	5<chiso range<10 	71.4077	26.1328	45.2634	23.4937	47.3776	0.77095	0.223488
25 <pt<30 	5<chiso range<11 	71.4077	26.1328	45.2634	22.3603	48.4768	1.1584	0.342621
25 <pt<30 	5<chiso range<12 	71.4077	26.1328	45.2634	22.3932	48.3129	1.14963	0.325819
25 <pt<30 	5<chiso range<13 	71.4077	26.1328	45.2634	22.7875	47.9569	1.00993	0.286795
25 <pt<30 	6<chiso range<11 	71.4077	26.1328	45.2634	23.0601	47.8382	0.913782	0.272844
25 <pt<30 	6<chiso range<12 	71.4077	26.1328	45.2634	23.009	47.7159	0.934355	0.2608
25 <pt<30 	6<chiso range<13 	71.4077	26.1328	45.2634	23.4601	47.3102	0.783427	0.21679
25 <pt<30 	7<chiso range<12 	71.4077	26.1328	45.2634	21.542	49.2904	1.46294	0.431792
25 <pt<30 	7<chiso range<13 	71.4077	26.1328	45.2634	22.2032	48.6777	1.21395	0.364118
25 <pt<30 	8<chiso range<13 	71.4077	26.1328	45.2634	21.5843	49.1005	1.45108	0.41242
#######################################################################################
30 <pt<35 	3<chiso range<8 	44.8924	16.0952	28.7857	13.6651	30.8612	0.884702	0.281879
30 <pt<35 	3<chiso range<9 	44.8924	16.0952	28.7857	13.0823	31.4586	1.14436	0.365341
30 <pt<35 	3<chiso range<10 	44.8924	16.0952	28.7857	12.9984	31.5413	1.18379	0.37703
30 <pt<35 	3<chiso range<11 	44.8924	16.0952	28.7857	13.1596	31.424	1.10671	0.359819
30 <pt<35 	3<chiso range<12 	44.8924	16.0952	28.7857	12.6482	31.9558	1.35027	0.434643
30 <pt<35 	3<chiso range<13 	44.8924	16.0952	28.7857	12.2386	32.3599	1.56107	0.492437
30 <pt<35 	4<chiso range<9 	44.8924	16.0952	28.7857	13.5413	31.0601	0.935419	0.30863
30 <pt<35 	4<chiso range<10 	44.8924	16.0952	28.7857	13.3744	31.2165	1.00921	0.330613
30 <pt<35 	4<chiso range<11 	44.8924	16.0952	28.7857	13.5279	31.1133	0.93979	0.315514
30 <pt<35 	4<chiso range<12 	44.8924	16.0952	28.7857	12.8819	31.778	1.23348	0.408461
30 <pt<35 	4<chiso range<13 	44.8924	16.0952	28.7857	12.386	32.2634	1.48079	0.477605
30 <pt<35 	5<chiso range<10 	44.8924	16.0952	28.7857	13.0763	31.6706	1.13801	0.391877
30 <pt<35 	5<chiso range<11 	44.8924	16.0952	28.7857	13.2994	31.4953	1.03454	0.366558
30 <pt<35 	5<chiso range<12 	44.8924	16.0952	28.7857	12.5536	32.2494	1.38689	0.472579
30 <pt<35 	5<chiso range<13 	44.8924	16.0952	28.7857	11.9919	32.7888	1.68283	0.550093
30 <pt<35 	6<chiso range<11 	44.8924	16.0952	28.7857	12.9613	31.8591	1.18832	0.417127
30 <pt<35 	6<chiso range<12 	44.8924	16.0952	28.7857	12.1632	32.6643	1.58719	0.53121
30 <pt<35 	6<chiso range<13 	44.8924	16.0952	28.7857	11.5642	33.2378	1.92483	0.614399
30 <pt<35 	7<chiso range<12 	44.8924	16.0952	28.7857	10.2479	34.7002	2.78492	0.824608
30 <pt<35 	7<chiso range<13 	44.8924	16.0952	28.7857	9.71044	35.1958	3.21375	0.899873
30 <pt<35 	8<chiso range<13 	44.8924	16.0952	28.7857	10.0492	34.7068	2.95816	0.831725
#######################################################################################
35 <pt<50 	3<chiso range<8 	65.455	17.3895	48.0683	15.9258	49.4958	0.419889	0.157861
35 <pt<50 	3<chiso range<9 	65.455	17.3895	48.0683	14.5269	50.8712	0.898807	0.314705
35 <pt<50 	3<chiso range<10 	65.455	17.3895	48.0683	14.3254	51.0948	0.975791	0.340428
35 <pt<50 	3<chiso range<11 	65.455	17.3895	48.0683	13.8805	51.56	1.15214	0.394389
35 <pt<50 	3<chiso range<12 	65.455	17.3895	48.0683	13.9113	51.4959	1.14111	0.387334
35 <pt<50 	3<chiso range<13 	65.455	17.3895	48.0683	13.282	52.0862	1.41354	0.457408
35 <pt<50 	4<chiso range<9 	65.455	17.3895	48.0683	13.8034	51.7684	1.17741	0.416938
35 <pt<50 	4<chiso range<10 	65.455	17.3895	48.0683	13.6968	51.8308	1.22414	0.4249
35 <pt<50 	4<chiso range<11 	65.455	17.3895	48.0683	13.2387	52.2973	1.4227	0.479714
35 <pt<50 	4<chiso range<12 	65.455	17.3895	48.0683	13.3347	52.1501	1.38283	0.463122
35 <pt<50 	4<chiso range<13 	65.455	17.3895	48.0683	12.6577	52.7693	1.70388	0.537754
35 <pt<50 	5<chiso range<10 	65.455	17.3895	48.0683	12.4825	52.9088	1.79448	0.555148
35 <pt<50 	5<chiso range<11 	65.455	17.3895	48.0683	12.1209	53.3016	1.98133	0.601886
35 <pt<50 	5<chiso range<12 	65.455	17.3895	48.0683	12.3469	53.0318	1.86518	0.570161
35 <pt<50 	5<chiso range<13 	65.455	17.3895	48.0683	11.6855	53.6428	2.23358	0.645166
35 <pt<50 	6<chiso range<11 	65.455	17.3895	48.0683	10.3434	55.0729	3.10394	0.819112
35 <pt<50 	6<chiso range<12 	65.455	17.3895	48.0683	10.8077	54.5612	2.78097	0.756901
35 <pt<50 	6<chiso range<13 	65.455	17.3895	48.0683	10.2712	55.0419	3.17154	0.817803
35 <pt<50 	7<chiso range<12 	65.455	17.3895	48.0683	12.0687	53.2898	2.01507	0.601707
35 <pt<50 	7<chiso range<13 	65.455	17.3895	48.0683	11.19	54.1022	2.53867	0.702153
35 <pt<50 	8<chiso range<13 	65.455	17.3895	48.0683	9.84233	55.478	3.50733	0.872026
#######################################################################################
50 <pt<60 	3<chiso range<8 	18.8258	4.79861	14.0272	3.03546	15.7693	1.36323	0.386701
50 <pt<60 	3<chiso range<9 	18.8258	4.79861	14.0272	2.99348	15.7899	1.42004	0.392447
50 <pt<60 	3<chiso range<10 	18.8258	4.79861	14.0272	3.02325	15.7805	1.37834	0.389364
50 <pt<60 	3<chiso range<11 	18.8258	4.79861	14.0272	2.89407	15.8949	1.54748	0.416928
50 <pt<60 	3<chiso range<12 	18.8258	4.79861	14.0272	3.07552	15.7266	1.3157	0.37681
50 <pt<60 	3<chiso range<13 	18.8258	4.79861	14.0272	3.50342	15.2773	0.87287	0.273752
50 <pt<60 	4<chiso range<9 	18.8258	4.79861	14.0272	3.11801	15.6382	1.27574	0.358023
50 <pt<60 	4<chiso range<10 	18.8258	4.79861	14.0272	3.12624	15.6587	1.26014	0.361654
50 <pt<60 	4<chiso range<11 	18.8258	4.79861	14.0272	2.96034	15.8109	1.46499	0.3979
50 <pt<60 	4<chiso range<12 	18.8258	4.79861	14.0272	3.16681	15.62	1.21366	0.352559
50 <pt<60 	4<chiso range<13 	18.8258	4.79861	14.0272	3.65876	15.1047	0.738111	0.235032
50 <pt<60 	5<chiso range<10 	18.8258	4.79861	14.0272	2.95947	15.8481	1.45721	0.405067
50 <pt<60 	5<chiso range<11 	18.8258	4.79861	14.0272	2.78035	16.0048	1.70699	0.443118
50 <pt<60 	5<chiso range<12 	18.8258	4.79861	14.0272	3.04908	15.7553	1.34676	0.383423
50 <pt<60 	5<chiso range<13 	18.8258	4.79861	14.0272	3.65166	15.1227	0.742786	0.238794
50 <pt<60 	6<chiso range<11 	18.8258	4.79861	14.0272	3.16683	15.6327	1.21104	0.355004
50 <pt<60 	6<chiso range<12 	18.8258	4.79861	14.0272	3.44087	15.3791	0.92532	0.295704
50 <pt<60 	6<chiso range<13 	18.8258	4.79861	14.0272	4.14339	14.6197	0.374512	0.126929
50 <pt<60 	7<chiso range<12 	18.8258	4.79861	14.0272	3.45048	15.3596	0.917738	0.291577
50 <pt<60 	7<chiso range<13 	18.8258	4.79861	14.0272	4.31908	14.432	0.263793	0.0862537
50 <pt<60 	8<chiso range<13 	18.8258	4.79861	14.0272	4.16926	14.5634	0.359374	0.11508
#######################################################################################
60 <pt<400 	3<chiso range<8 	31.5216	4.14787	27.3737	2.51198	28.6972	1.19785	0.235618
60 <pt<400 	3<chiso range<9 	31.5216	4.14787	27.3737	2.88391	28.354	0.804952	0.172287
60 <pt<400 	3<chiso range<10 	31.5216	4.14787	27.3737	2.94908	28.2991	0.745716	0.162206
60 <pt<400 	3<chiso range<11 	31.5216	4.14787	27.3737	2.87846	28.3637	0.808969	0.173974
60 <pt<400 	3<chiso range<12 	31.5216	4.14787	27.3737	2.71521	28.5205	0.965359	0.202614
60 <pt<400 	3<chiso range<13 	31.5216	4.14787	27.3737	2.63801	28.6477	1.04846	0.225
60 <pt<400 	4<chiso range<9 	31.5216	4.14787	27.3737	3.3931	27.917	0.408832	0.0935469
60 <pt<400 	4<chiso range<10 	31.5216	4.14787	27.3737	3.4068	27.9152	0.399144	0.0931241
60 <pt<400 	4<chiso range<11 	31.5216	4.14787	27.3737	3.25781	28.0318	0.501552	0.11394
60 <pt<400 	4<chiso range<12 	31.5216	4.14787	27.3737	3.01815	28.2449	0.685023	0.152229
60 <pt<400 	4<chiso range<13 	31.5216	4.14787	27.3737	2.90547	28.3398	0.784249	0.169599
60 <pt<400 	5<chiso range<10 	31.5216	4.14787	27.3737	3.35877	27.9518	0.431205	0.0996434
60 <pt<400 	5<chiso range<11 	31.5216	4.14787	27.3737	3.19288	28.0689	0.549249	0.120811
60 <pt<400 	5<chiso range<12 	31.5216	4.14787	27.3737	2.92648	28.3308	0.763483	0.167784
60 <pt<400 	5<chiso range<13 	31.5216	4.14787	27.3737	2.80863	28.4278	0.874457	0.1857
60 <pt<400 	6<chiso range<11 	31.5216	4.14787	27.3737	3.18523	28.073	0.555406	0.121582
60 <pt<400 	6<chiso range<12 	31.5216	4.14787	27.3737	2.87273	28.3797	0.81201	0.176704
60 <pt<400 	6<chiso range<13 	31.5216	4.14787	27.3737	2.74236	28.4854	0.940273	0.196343
60 <pt<400 	7<chiso range<12 	31.5216	4.14787	27.3737	2.94749	28.3647	0.734901	0.173006
60 <pt<400 	7<chiso range<13 	31.5216	4.14787	27.3737	2.78527	28.4875	0.888364	0.195925
60 <pt<400 	8<chiso range<13 	31.5216	4.14787	27.3737	2.81844	28.4426	0.859866	0.18797
#######################################################################################
