pt range	chiso range	DataNumber	FakeNumber	TrueNumber	fitFake_number	fitTrue_number	closureFake_test	closureTrue_test
#######################################################################################
20 <pt<25 	3<chiso range<8 	90.1607	54.303	35.8359	44.7779	44.4521	1.92638	0.750109
20 <pt<25 	3<chiso range<9 	90.1607	54.303	35.8359	44.0891	45.2265	2.09555	0.820061
20 <pt<25 	3<chiso range<10 	90.1607	54.303	35.8359	41.2358	48.45	2.85255	1.11569
20 <pt<25 	3<chiso range<11 	90.1607	54.303	35.8359	42.2892	47.572	2.55203	1.02946
20 <pt<25 	3<chiso range<12 	90.1607	54.303	35.8359	41.3304	48.4423	2.82181	1.11293
20 <pt<25 	3<chiso range<13 	90.1607	54.303	35.8359	40.2418	49.3382	3.14768	1.20199
20 <pt<25 	4<chiso range<9 	90.1607	54.303	35.8359	47.0336	42.3553	1.39742	0.558919
20 <pt<25 	4<chiso range<10 	90.1607	54.303	35.8359	43.065	46.8417	2.34342	0.96061
20 <pt<25 	4<chiso range<11 	90.1607	54.303	35.8359	44.1627	45.8858	2.05839	0.869858
20 <pt<25 	4<chiso range<12 	90.1607	54.303	35.8359	42.8968	47.0936	2.38462	0.982227
20 <pt<25 	4<chiso range<13 	90.1607	54.303	35.8359	41.4602	48.2286	2.78687	1.09377
20 <pt<25 	5<chiso range<10 	90.1607	54.303	35.8359	45.0423	46.0254	1.82229	0.8685
20 <pt<25 	5<chiso range<11 	90.1607	54.303	35.8359	46.2082	44.9301	1.55117	0.768779
20 <pt<25 	5<chiso range<12 	90.1607	54.303	35.8359	44.4665	46.4773	1.96238	0.910705
20 <pt<25 	5<chiso range<13 	90.1607	54.303	35.8359	42.6233	47.8511	2.44318	1.04451
20 <pt<25 	6<chiso range<11 	90.1607	54.303	35.8359	41.3366	51.3382	2.7265	1.32924
20 <pt<25 	6<chiso range<12 	90.1607	54.303	35.8359	39.9046	52.3195	3.15143	1.43141
20 <pt<25 	6<chiso range<13 	90.1607	54.303	35.8359	38.3241	53.2308	3.66856	1.53439
20 <pt<25 	7<chiso range<12 	90.1607	54.303	35.8359	38.7656	52.7878	3.52523	1.4905
20 <pt<25 	7<chiso range<13 	90.1607	54.303	35.8359	36.8901	53.9656	4.18409	1.62266
20 <pt<25 	8<chiso range<13 	90.1607	54.303	35.8359	33.2868	56.9984	5.63161	1.94476
#######################################################################################
25 <pt<30 	3<chiso range<8 	48.8435	25.7279	23.1041	21.5674	26.5549	1.19685	0.419428
25 <pt<30 	3<chiso range<9 	48.8435	25.7279	23.1041	21.3574	26.8382	1.26718	0.454131
25 <pt<30 	3<chiso range<10 	48.8435	25.7279	23.1041	21.1015	27.0335	1.35936	0.479832
25 <pt<30 	3<chiso range<11 	48.8435	25.7279	23.1041	20.4532	27.6371	1.6003	0.558079
25 <pt<30 	3<chiso range<12 	48.8435	25.7279	23.1041	20.4913	27.4955	1.58982	0.541692
25 <pt<30 	3<chiso range<13 	48.8435	25.7279	23.1041	20.7386	27.2831	1.4956	0.513709
25 <pt<30 	4<chiso range<9 	48.8435	25.7279	23.1041	20.9047	27.2759	1.42874	0.50998
25 <pt<30 	4<chiso range<10 	48.8435	25.7279	23.1041	20.658	27.4564	1.52188	0.534205
25 <pt<30 	4<chiso range<11 	48.8435	25.7279	23.1041	19.964	28.1018	1.79203	0.618808
25 <pt<30 	4<chiso range<12 	48.8435	25.7279	23.1041	20.0467	27.9072	1.7639	0.595686
25 <pt<30 	4<chiso range<13 	48.8435	25.7279	23.1041	20.348	27.6454	1.64431	0.560904
25 <pt<30 	5<chiso range<10 	48.8435	25.7279	23.1041	20.4316	27.8083	1.60236	0.577185
25 <pt<30 	5<chiso range<11 	48.8435	25.7279	23.1041	19.6257	28.5343	1.92522	0.673404
25 <pt<30 	5<chiso range<12 	48.8435	25.7279	23.1041	19.761	28.2505	1.87657	0.639418
25 <pt<30 	5<chiso range<13 	48.8435	25.7279	23.1041	20.1307	27.9264	1.72638	0.596171
25 <pt<30 	6<chiso range<11 	48.8435	25.7279	23.1041	20.4698	27.7689	1.58764	0.571995
25 <pt<30 	6<chiso range<12 	48.8435	25.7279	23.1041	20.5344	27.5051	1.57092	0.541722
25 <pt<30 	6<chiso range<13 	48.8435	25.7279	23.1041	20.9483	27.1454	1.41565	0.494637
25 <pt<30 	7<chiso range<12 	48.8435	25.7279	23.1041	19.1212	28.9923	2.1406	0.734573
25 <pt<30 	7<chiso range<13 	48.8435	25.7279	23.1041	19.7313	28.4435	1.88068	0.660922
25 <pt<30 	8<chiso range<13 	48.8435	25.7279	23.1041	19.4466	28.4345	2.01343	0.666448
#######################################################################################
30 <pt<35 	3<chiso range<8 	32.2683	15.9332	16.3235	11.4366	20.0935	1.78857	0.596871
30 <pt<35 	3<chiso range<9 	32.2683	15.9332	16.3235	10.8259	20.7171	2.14347	0.702481
30 <pt<35 	3<chiso range<10 	32.2683	15.9332	16.3235	10.7474	20.7954	2.19224	0.715975
30 <pt<35 	3<chiso range<11 	32.2683	15.9332	16.3235	10.9554	20.6425	2.05962	0.687626
30 <pt<35 	3<chiso range<12 	32.2683	15.9332	16.3235	10.567	21.0649	2.29724	0.758737
30 <pt<35 	3<chiso range<13 	32.2683	15.9332	16.3235	10.1957	21.4257	2.54602	0.821862
30 <pt<35 	4<chiso range<9 	32.2683	15.9332	16.3235	11.2877	20.314	1.86591	0.63167
30 <pt<35 	4<chiso range<10 	32.2683	15.9332	16.3235	11.128	20.465	1.9581	0.657554
30 <pt<35 	4<chiso range<11 	32.2683	15.9332	16.3235	11.3366	20.3207	1.83384	0.630881
30 <pt<35 	4<chiso range<12 	32.2683	15.9332	16.3235	10.8389	20.8545	2.1209	0.72012
30 <pt<35 	4<chiso range<13 	32.2683	15.9332	16.3235	10.3881	21.2886	2.40942	0.795567
30 <pt<35 	5<chiso range<10 	32.2683	15.9332	16.3235	10.9871	20.779	2.02516	0.704456
30 <pt<35 	5<chiso range<11 	32.2683	15.9332	16.3235	11.2567	20.5769	1.86369	0.667679
30 <pt<35 	5<chiso range<12 	32.2683	15.9332	16.3235	10.6647	21.195	2.21192	0.771624
30 <pt<35 	5<chiso range<13 	32.2683	15.9332	16.3235	10.1426	21.6819	2.55913	0.85737
30 <pt<35 	6<chiso range<11 	32.2683	15.9332	16.3235	11.1287	20.7209	1.93518	0.691448
30 <pt<35 	6<chiso range<12 	32.2683	15.9332	16.3235	10.4682	21.4084	2.33537	0.807658
30 <pt<35 	6<chiso range<13 	32.2683	15.9332	16.3235	9.89272	21.9426	2.73519	0.902514
30 <pt<35 	7<chiso range<12 	32.2683	15.9332	16.3235	8.66872	23.3917	3.71433	1.14897
30 <pt<35 	7<chiso range<13 	32.2683	15.9332	16.3235	8.1562	23.8251	4.23886	1.23251
30 <pt<35 	8<chiso range<13 	32.2683	15.9332	16.3235	8.28084	23.5181	4.14349	1.18737
#######################################################################################
35 <pt<50 	3<chiso range<8 	44.7766	17.1466	27.6329	14.4044	30.5709	0.839315	0.379897
35 <pt<50 	3<chiso range<9 	44.7766	17.1466	27.6329	13.0596	31.9346	1.37567	0.566669
35 <pt<50 	3<chiso range<10 	44.7766	17.1466	27.6329	12.9079	32.0858	1.44378	0.587943
35 <pt<50 	3<chiso range<11 	44.7766	17.1466	27.6329	12.5112	32.502	1.62775	0.646199
35 <pt<50 	3<chiso range<12 	44.7766	17.1466	27.6329	12.6747	32.3122	1.55186	0.620066
35 <pt<50 	3<chiso range<13 	44.7766	17.1466	27.6329	12.1369	32.8211	1.81771	0.693345
35 <pt<50 	4<chiso range<9 	44.7766	17.1466	27.6329	12.5533	32.6211	1.59547	0.658106
35 <pt<50 	4<chiso range<10 	44.7766	17.1466	27.6329	12.4461	32.695	1.64928	0.669599
35 <pt<50 	4<chiso range<11 	44.7766	17.1466	27.6329	12.0218	33.115	1.86151	0.729605
35 <pt<50 	4<chiso range<12 	44.7766	17.1466	27.6329	12.2628	32.8338	1.74265	0.690723
35 <pt<50 	4<chiso range<13 	44.7766	17.1466	27.6329	11.6717	33.3668	2.05733	0.769311
35 <pt<50 	5<chiso range<10 	44.7766	17.1466	27.6329	11.4778	33.51	2.17093	0.791917
35 <pt<50 	5<chiso range<11 	44.7766	17.1466	27.6329	11.1203	33.8731	2.37953	0.844621
35 <pt<50 	5<chiso range<12 	44.7766	17.1466	27.6329	11.4921	33.4817	2.16414	0.788264
35 <pt<50 	5<chiso range<13 	44.7766	17.1466	27.6329	10.8991	34.0123	2.52551	0.868157
35 <pt<50 	6<chiso range<11 	44.7766	17.1466	27.6329	9.52875	35.4829	3.50814	1.08435
35 <pt<50 	6<chiso range<12 	44.7766	17.1466	27.6329	10.1218	34.8546	3.05126	0.99111
35 <pt<50 	6<chiso range<13 	44.7766	17.1466	27.6329	9.6474	35.2813	3.4244	1.05752
35 <pt<50 	7<chiso range<12 	44.7766	17.1466	27.6329	11.2878	33.6805	2.28269	0.817414
35 <pt<50 	7<chiso range<13 	44.7766	17.1466	27.6329	10.5104	34.4099	2.78361	0.926992
35 <pt<50 	8<chiso range<13 	44.7766	17.1466	27.6329	9.20981	35.7449	3.791	1.12684
#######################################################################################
50 <pt<60 	3<chiso range<8 	14.4018	4.79861	9.60318	2.56841	11.8251	1.94033	0.561826
50 <pt<60 	3<chiso range<9 	14.4018	4.79861	9.60318	2.6009	11.7664	1.89749	0.547628
50 <pt<60 	3<chiso range<10 	14.4018	4.79861	9.60318	2.66242	11.7255	1.79553	0.534876
50 <pt<60 	3<chiso range<11 	14.4018	4.79861	9.60318	2.53574	11.8447	1.99849	0.568207
50 <pt<60 	3<chiso range<12 	14.4018	4.79861	9.60318	2.76828	11.6089	1.64132	0.503602
50 <pt<60 	3<chiso range<13 	14.4018	4.79861	9.60318	3.13673	11.2382	1.19214	0.404441
50 <pt<60 	4<chiso range<9 	14.4018	4.79861	9.60318	2.65403	11.6829	1.82507	0.526902
50 <pt<60 	4<chiso range<10 	14.4018	4.79861	9.60318	2.71559	11.6507	1.72375	0.515977
50 <pt<60 	4<chiso range<11 	14.4018	4.79861	9.60318	2.56153	11.7993	1.96302	0.557153
50 <pt<60 	4<chiso range<12 	14.4018	4.79861	9.60318	2.82501	11.5375	1.56849	0.485238
50 <pt<60 	4<chiso range<13 	14.4018	4.79861	9.60318	3.2461	11.111	1.08035	0.371873
50 <pt<60 	5<chiso range<10 	14.4018	4.79861	9.60318	2.67521	11.7226	1.77311	0.533346
50 <pt<60 	5<chiso range<11 	14.4018	4.79861	9.60318	2.48982	11.8954	2.07429	0.581838
50 <pt<60 	5<chiso range<12 	14.4018	4.79861	9.60318	2.81678	11.5728	1.57163	0.492937
50 <pt<60 	5<chiso range<13 	14.4018	4.79861	9.60318	3.33205	11.044	0.991307	0.353278
50 <pt<60 	6<chiso range<11 	14.4018	4.79861	9.60318	2.90271	11.4753	1.46329	0.467396
50 <pt<60 	6<chiso range<12 	14.4018	4.79861	9.60318	3.22827	11.1935	1.08585	0.389879
50 <pt<60 	6<chiso range<13 	14.4018	4.79861	9.60318	3.8278	10.5495	0.572614	0.226697
50 <pt<60 	7<chiso range<12 	14.4018	4.79861	9.60318	3.35136	11.066	0.965438	0.356782
50 <pt<60 	7<chiso range<13 	14.4018	4.79861	9.60318	4.08867	10.2609	0.393567	0.15594
50 <pt<60 	8<chiso range<13 	14.4018	4.79861	9.60318	3.92244	10.4229	0.50746	0.19618
#######################################################################################
60 <pt<400 	3<chiso range<8 	25.0361	4.06689	20.9692	2.2126	22.585	1.45798	0.321491
60 <pt<400 	3<chiso range<9 	25.0361	4.06689	20.9692	2.55096	22.2557	1.03242	0.252579
60 <pt<400 	3<chiso range<10 	25.0361	4.06689	20.9692	2.60911	22.1981	0.968534	0.240675
60 <pt<400 	3<chiso range<11 	25.0361	4.06689	20.9692	2.53318	22.2775	1.05082	0.256964
60 <pt<400 	3<chiso range<12 	25.0361	4.06689	20.9692	2.41282	22.4107	1.18515	0.284156
60 <pt<400 	3<chiso range<13 	25.0361	4.06689	20.9692	2.33977	22.4539	1.27976	0.294084
60 <pt<400 	4<chiso range<9 	25.0361	4.06689	20.9692	3.15006	21.6438	0.506987	0.129325
60 <pt<400 	4<chiso range<10 	25.0361	4.06689	20.9692	3.15255	21.6489	0.504127	0.1302
60 <pt<400 	4<chiso range<11 	25.0361	4.06689	20.9692	2.96133	21.8325	0.648871	0.166812
60 <pt<400 	4<chiso range<12 	25.0361	4.06689	20.9692	2.76662	22.0964	0.812786	0.218578
60 <pt<400 	4<chiso range<13 	25.0361	4.06689	20.9692	2.63746	22.166	0.939129	0.234169
60 <pt<400 	5<chiso range<10 	25.0361	4.06689	20.9692	3.06117	21.7371	0.571023	0.147707
60 <pt<400 	5<chiso range<11 	25.0361	4.06689	20.9692	2.85109	22.0157	0.740565	0.202243
60 <pt<400 	5<chiso range<12 	25.0361	4.06689	20.9692	2.64124	22.172	0.932072	0.235118
60 <pt<400 	5<chiso range<13 	25.0361	4.06689	20.9692	2.52618	22.2863	1.05798	0.258726
60 <pt<400 	6<chiso range<11 	25.0361	4.06689	20.9692	2.86456	22.0011	0.72968	0.19934
60 <pt<400 	6<chiso range<12 	25.0361	4.06689	20.9692	2.61787	22.1987	0.956032	0.240518
60 <pt<400 	6<chiso range<13 	25.0361	4.06689	20.9692	2.48857	22.3183	1.10143	0.265509
60 <pt<400 	7<chiso range<12 	25.0361	4.06689	20.9692	2.71925	22.1926	0.842438	0.23671
60 <pt<400 	7<chiso range<13 	25.0361	4.06689	20.9692	2.5382	22.3146	1.0318	0.263337
60 <pt<400 	8<chiso range<13 	25.0361	4.06689	20.9692	2.5072	22.328	1.07203	0.266661
#######################################################################################
