pt: 20 ~ 25
*	3	4	5	6	7	8
8	1.43
9	1.39	1.61
10	1.95	2.26	2.94
11	2.10	2.41	3.05	2.43
12	2.42	2.75	3.43	2.89	3.05
13	2.502	2.826	3.459	2.953	3.120	3.366
############################################################
pt: 25 ~ 30
*	3	4	5	6	7	8
8	2.13
9	2.04	2.01
10	1.89	1.83	2.31
11	1.81	1.72	2.09	1.60
12	2.12	2.09	2.52	2.15	1.91
13	2.455	2.484	2.967	2.660	2.508	2.258
############################################################
pt: 30 ~ 40
*	3	4	5	6	7	8
8	1.64
9	2.24	2.23
10	2.30	2.30	2.53
11	2.50	2.55	2.83	3.54
12	2.57	2.62	2.89	3.53	2.89
13	2.502	2.539	2.775	3.290	2.717	3.248
############################################################
pt: 40 ~ 60
*	3	4	5	6	7	8
8	0.98
9	0.97	1.03
10	1.18	1.28	1.02
11	1.27	1.39	1.24	1.25
12	1.36	1.48	1.39	1.45	1.45
13	1.532	1.677	1.612	1.706	1.783	2.019
############################################################
pt: 60 ~ 400
*	3	4	5	6	7	8
8	0.56
9	0.41	0.29
10	0.61	0.52	0.37
11	0.74	0.70	0.58	0.51
12	0.62	0.59	0.48	0.40	0.25
13	0.646	0.566	0.473	0.481	0.269	0.599
############################################################
