pt range	chiso range	DataNumber	FakeNumber	TrueNumber	fitFake_number	fitTrue_number	closureFake_test	closureTrue_test
#######################################################################################
20 <pt<25 	3<chiso range<8 	79.6656	36.063	22.6124	35.4019	22.3544	0.169432	0.0300982
20 <pt<25 	3<chiso range<9 	79.6656	36.063	22.6124	34.5642	23.2076	0.393168	0.0697774
20 <pt<25 	3<chiso range<10 	79.6656	36.063	22.6124	34.7504	23.0193	0.342529	0.0476471
20 <pt<25 	3<chiso range<11 	79.6656	36.063	22.6124	32.6565	25.1471	0.944602	0.300339
20 <pt<25 	3<chiso range<12 	79.6656	36.063	22.6124	31.7328	26.0797	1.23509	0.412954
20 <pt<25 	3<chiso range<13 	79.6656	36.063	22.6124	30.5035	27.3179	1.64869	0.564187
20 <pt<25 	4<chiso range<9 	79.6656	36.063	22.6124	35.4615	22.3051	0.153883	0.0358284
20 <pt<25 	4<chiso range<10 	79.6656	36.063	22.6124	35.5888	22.1804	0.120886	0.0503243
20 <pt<25 	4<chiso range<11 	79.6656	36.063	22.6124	32.9993	24.8142	0.840736	0.260317
20 <pt<25 	4<chiso range<12 	79.6656	36.063	22.6124	31.8861	25.9371	1.18554	0.395533
20 <pt<25 	4<chiso range<13 	79.6656	36.063	22.6124	30.4568	27.3762	1.66481	0.571182
20 <pt<25 	5<chiso range<10 	79.6656	36.063	22.6124	35.9372	21.957	0.0317141	0.0760808
20 <pt<25 	5<chiso range<11 	79.6656	36.063	22.6124	32.5105	25.3384	0.988877	0.322966
20 <pt<25 	5<chiso range<12 	79.6656	36.063	22.6124	31.1796	26.6746	1.41654	0.484885
20 <pt<25 	5<chiso range<13 	79.6656	36.063	22.6124	29.4594	28.402	2.02597	0.697534
20 <pt<25 	6<chiso range<11 	79.6656	36.063	22.6124	32.8941	24.9702	0.871782	0.278628
20 <pt<25 	6<chiso range<12 	79.6656	36.063	22.6124	31.1596	26.7089	1.42299	0.488884
20 <pt<25 	6<chiso range<13 	79.6656	36.063	22.6124	29.0407	28.8344	2.18479	0.751089
20 <pt<25 	7<chiso range<12 	79.6656	36.063	22.6124	28.6091	29.2499	2.35422	0.803358
20 <pt<25 	7<chiso range<13 	79.6656	36.063	22.6124	26.376	31.4848	3.31622	1.08616
20 <pt<25 	8<chiso range<13 	79.6656	36.063	22.6124	22.9748	34.8638	5.14043	1.52477
#######################################################################################
25 <pt<30 	3<chiso range<8 	47.1372	17.3003	14.7097	15.6916	15.7235	0.58399	0.16221
25 <pt<30 	3<chiso range<9 	47.1372	17.3003	14.7097	15.4294	15.98	0.690614	0.20396
25 <pt<30 	3<chiso range<10 	47.1372	17.3003	14.7097	15.9501	15.4464	0.482659	0.11759
25 <pt<30 	3<chiso range<11 	47.1372	17.3003	14.7097	15.8139	15.5889	0.535723	0.140536
25 <pt<30 	3<chiso range<12 	47.1372	17.3003	14.7097	15.0381	16.3574	0.856751	0.26598
25 <pt<30 	3<chiso range<13 	47.1372	17.3003	14.7097	14.6266	16.7631	1.04077	0.333196
25 <pt<30 	4<chiso range<9 	47.1372	17.3003	14.7097	14.4635	16.961	1.11526	0.365473
25 <pt<30 	4<chiso range<10 	47.1372	17.3003	14.7097	15.2598	16.1461	0.761517	0.231144
25 <pt<30 	4<chiso range<11 	47.1372	17.3003	14.7097	15.164	16.2487	0.802035	0.247871
25 <pt<30 	4<chiso range<12 	47.1372	17.3003	14.7097	14.3016	17.1004	1.1929	0.38922
25 <pt<30 	4<chiso range<13 	47.1372	17.3003	14.7097	13.8693	17.5248	1.40701	0.460758
25 <pt<30 	5<chiso range<10 	47.1372	17.3003	14.7097	15.5651	15.8322	0.63529	0.180022
25 <pt<30 	5<chiso range<11 	47.1372	17.3003	14.7097	15.41	15.9965	0.698703	0.206685
25 <pt<30 	5<chiso range<12 	47.1372	17.3003	14.7097	14.3551	17.0401	1.16758	0.379274
25 <pt<30 	5<chiso range<13 	47.1372	17.3003	14.7097	13.8456	17.5413	1.41944	0.463726
25 <pt<30 	6<chiso range<11 	47.1372	17.3003	14.7097	15.6301	15.7945	0.608469	0.173631
25 <pt<30 	6<chiso range<12 	47.1372	17.3003	14.7097	14.3464	17.0609	1.17126	0.382498
25 <pt<30 	6<chiso range<13 	47.1372	17.3003	14.7097	13.7548	17.6413	1.4658	0.480419
25 <pt<30 	7<chiso range<12 	47.1372	17.3003	14.7097	13.424	17.9704	1.64158	0.536411
25 <pt<30 	7<chiso range<13 	47.1372	17.3003	14.7097	12.8535	18.5298	1.96634	0.632749
25 <pt<30 	8<chiso range<13 	47.1372	17.3003	14.7097	12.8423	18.5105	1.97493	0.63044
#######################################################################################
30 <pt<35 	3<chiso range<8 	28.3826	9.41484	10.0509	7.69882	11.2661	0.921897	0.258032
30 <pt<35 	3<chiso range<9 	28.3826	9.41484	10.0509	7.46548	11.5022	1.07914	0.309545
30 <pt<35 	3<chiso range<10 	28.3826	9.41484	10.0509	7.50062	11.4705	1.0546	0.302498
30 <pt<35 	3<chiso range<11 	28.3826	9.41484	10.0509	7.75684	11.2172	0.883711	0.247195
30 <pt<35 	3<chiso range<12 	28.3826	9.41484	10.0509	7.65153	11.3262	0.952296	0.270803
30 <pt<35 	3<chiso range<13 	28.3826	9.41484	10.0509	7.50556	11.4651	1.05123	0.301328
30 <pt<35 	4<chiso range<9 	28.3826	9.41484	10.0509	7.30433	11.6734	1.19292	0.34691
30 <pt<35 	4<chiso range<10 	28.3826	9.41484	10.0509	7.36613	11.6153	1.14819	0.333994
30 <pt<35 	4<chiso range<11 	28.3826	9.41484	10.0509	7.69749	11.2872	0.921656	0.262145
30 <pt<35 	4<chiso range<12 	28.3826	9.41484	10.0509	7.57276	11.4158	1.00431	0.290061
30 <pt<35 	4<chiso range<13 	28.3826	9.41484	10.0509	7.40327	11.5751	1.12203	0.325245
30 <pt<35 	5<chiso range<10 	28.3826	9.41484	10.0509	7.77988	11.2055	0.868302	0.2444
30 <pt<35 	5<chiso range<11 	28.3826	9.41484	10.0509	8.14855	10.8406	0.642604	0.165847
30 <pt<35 	5<chiso range<12 	28.3826	9.41484	10.0509	7.95128	11.0425	0.760492	0.209034
30 <pt<35 	5<chiso range<13 	28.3826	9.41484	10.0509	7.70985	11.2707	0.913822	0.25866
30 <pt<35 	6<chiso range<11 	28.3826	9.41484	10.0509	8.04101	10.9733	0.705194	0.193796
30 <pt<35 	6<chiso range<12 	28.3826	9.41484	10.0509	7.80988	11.2074	0.847513	0.24409
30 <pt<35 	6<chiso range<13 	28.3826	9.41484	10.0509	7.53695	11.4584	1.02818	0.299181
30 <pt<35 	7<chiso range<12 	28.3826	9.41484	10.0509	7.03442	11.9744	1.39353	0.412505
30 <pt<35 	7<chiso range<13 	28.3826	9.41484	10.0509	6.82307	12.1631	1.56565	0.455513
30 <pt<35 	8<chiso range<13 	28.3826	9.41484	10.0509	7.1746	11.8061	1.28849	0.376149
#######################################################################################
35 <pt<60 	3<chiso range<8 	51.6981	13.0035	22.3923	9.12978	25.6724	1.80951	0.525544
35 <pt<60 	3<chiso range<9 	51.6981	13.0035	22.3923	9.0988	25.7033	1.83026	0.530721
35 <pt<60 	3<chiso range<10 	51.6981	13.0035	22.3923	8.70263	26.1039	2.1077	0.597923
35 <pt<60 	3<chiso range<11 	51.6981	13.0035	22.3923	8.529	26.2767	2.23734	0.627113
35 <pt<60 	3<chiso range<12 	51.6981	13.0035	22.3923	8.954	25.8496	1.92893	0.555212
35 <pt<60 	3<chiso range<13 	51.6981	13.0035	22.3923	8.98108	25.817	1.91077	0.549908
35 <pt<60 	4<chiso range<9 	51.6981	13.0035	22.3923	9.12923	25.6707	1.81009	0.525327
35 <pt<60 	4<chiso range<10 	51.6981	13.0035	22.3923	8.65462	26.1508	2.14318	0.605875
35 <pt<60 	4<chiso range<11 	51.6981	13.0035	22.3923	8.45821	26.3459	2.29187	0.638886
35 <pt<60 	4<chiso range<12 	51.6981	13.0035	22.3923	8.95291	25.8495	1.9298	0.555231
35 <pt<60 	4<chiso range<13 	51.6981	13.0035	22.3923	8.98386	25.8125	1.90904	0.549206
35 <pt<60 	5<chiso range<10 	51.6981	13.0035	22.3923	8.44833	26.355	2.29963	0.640454
35 <pt<60 	5<chiso range<11 	51.6981	13.0035	22.3923	8.23822	26.5615	2.46705	0.675635
35 <pt<60 	5<chiso range<12 	51.6981	13.0035	22.3923	8.85256	25.9501	2.00013	0.572135
35 <pt<60 	5<chiso range<13 	51.6981	13.0035	22.3923	8.89682	25.899	1.96964	0.563757
35 <pt<60 	6<chiso range<11 	51.6981	13.0035	22.3923	8.13543	26.6694	2.55113	0.693841
35 <pt<60 	6<chiso range<12 	51.6981	13.0035	22.3923	8.86875	25.9412	1.98788	0.570406
35 <pt<60 	6<chiso range<13 	51.6981	13.0035	22.3923	8.91887	25.882	1.95365	0.560739
35 <pt<60 	7<chiso range<12 	51.6981	13.0035	22.3923	9.17919	25.6265	1.77639	0.517764
35 <pt<60 	7<chiso range<13 	51.6981	13.0035	22.3923	9.20696	25.5871	1.7592	0.511518
35 <pt<60 	8<chiso range<13 	51.6981	13.0035	22.3923	8.77095	26.0209	2.0597	0.584409
#######################################################################################
60 <pt<400 	3<chiso range<8 	21.0544	2.82511	13.5146	3.54129	12.8021	0.40466	0.166003
60 <pt<400 	3<chiso range<9 	21.0544	2.82511	13.5146	2.93118	13.402	0.0722518	0.026974
60 <pt<400 	3<chiso range<10 	21.0544	2.82511	13.5146	2.83134	13.4971	0.00439447	0.00421141
60 <pt<400 	3<chiso range<11 	21.0544	2.82511	13.5146	2.85429	13.4745	0.0204199	0.00964088
60 <pt<400 	3<chiso range<12 	21.0544	2.82511	13.5146	2.83024	13.4981	0.00361999	0.00397096
60 <pt<400 	3<chiso range<13 	21.0544	2.82511	13.5146	3.08571	13.2468	0.168881	0.0637484
60 <pt<400 	4<chiso range<9 	21.0544	2.82511	13.5146	2.34098	13.9744	0.411829	0.112848
60 <pt<400 	4<chiso range<10 	21.0544	2.82511	13.5146	2.36502	13.9486	0.387728	0.106445
60 <pt<400 	4<chiso range<11 	21.0544	2.82511	13.5146	2.44354	13.8732	0.311341	0.0876803
60 <pt<400 	4<chiso range<12 	21.0544	2.82511	13.5146	2.47595	13.8421	0.281202	0.0799721
60 <pt<400 	4<chiso range<13 	21.0544	2.82511	13.5146	2.76734	13.5591	0.0416853	0.0107384
60 <pt<400 	5<chiso range<10 	21.0544	2.82511	13.5146	2.71058	13.6163	0.0843112	0.0245944
60 <pt<400 	5<chiso range<11 	21.0544	2.82511	13.5146	2.75599	13.5717	0.0500587	0.0137831
60 <pt<400 	5<chiso range<12 	21.0544	2.82511	13.5146	2.74263	13.5846	0.0600234	0.0169066
60 <pt<400 	5<chiso range<13 	21.0544	2.82511	13.5146	3.05603	13.2769	0.151048	0.0566513
60 <pt<400 	6<chiso range<11 	21.0544	2.82511	13.5146	2.50273	13.8144	0.257016	0.0731446
60 <pt<400 	6<chiso range<12 	21.0544	2.82511	13.5146	2.5327	13.7858	0.230371	0.0660844
60 <pt<400 	6<chiso range<13 	21.0544	2.82511	13.5146	2.8858	13.4417	0.0420337	0.0175072
60 <pt<400 	7<chiso range<12 	21.0544	2.82511	13.5146	2.79559	13.5296	0.0210988	0.0036162
60 <pt<400 	7<chiso range<13 	21.0544	2.82511	13.5146	3.1696	13.1616	0.217555	0.0837437
60 <pt<400 	8<chiso range<13 	21.0544	2.82511	13.5146	2.71485	13.6084	0.0811189	0.0226892
#######################################################################################
