pt: 20 ~ 25
*	3	4	5	6	7	8
8	2.06
9	2.28	1.58
10	2.97	2.46	1.89
11	2.65	2.15	1.58	2.60
12	2.85	2.41	1.93	2.96	3.36
13	3.251	2.882	2.510	3.630	4.214	5.737
############################################################
pt: 25 ~ 30
*	3	4	5	6	7	8
8	1.04
9	1.06	1.20
10	1.25	1.42	1.54
11	1.58	1.79	1.99	1.70
12	1.61	1.81	2.00	1.75	2.34
13	1.513	1.685	1.829	1.565	2.038	2.325
############################################################
pt: 30 ~ 35
*	3	4	5	6	7	8
8	1.74
9	2.02	1.69
10	2.05	1.77	1.84
11	1.94	1.68	1.72	1.85
12	2.21	2.00	2.11	2.29	3.65
13	2.443	2.281	2.447	2.674	4.137	3.872
############################################################
pt: 35 ~ 50
*	3	4	5	6	7	8
8	0.71
9	1.25	1.46
10	1.30	1.50	2.15
11	1.48	1.71	2.34	3.58
12	1.47	1.67	2.21	3.21	2.32
13	1.770	2.027	2.615	3.643	2.897	3.936
############################################################
pt: 50 ~ 60
*	3	4	5	6	7	8
8	1.14
9	1.78	1.53
10	1.67	1.46	1.63
11	1.85	1.68	1.90	1.36
12	1.56	1.38	1.49	1.03	1.01
13	1.071	0.877	0.855	0.466	0.338	0.441
############################################################
pt: 60 ~ 400
*	3	4	5	6	7	8
8	1.76
9	1.20	0.65
10	1.10	0.62	0.62
11	1.16	0.73	0.76	0.76
12	1.34	0.94	1.00	1.05	0.91
13	1.442	1.061	1.135	1.204	1.097	1.063
############################################################
