pt: 20 ~ 25
*	3	4	5	6	7	8
8	0.71
9	0.60	0.98
10	0.21	0.48	0.53
11	0.05	0.26	0.25	0.18
12	0.18	0.01	0.08	0.56	1.29
13	0.622	0.534	0.724	1.338	2.249	3.383
############################################################
pt: 25 ~ 30
*	3	4	5	6	7	8
8	0.30
9	0.38	0.05
10	0.29	0.01	0.37
11	0.01	0.33	0.05	0.06
12	0.13	0.47	0.24	0.18	0.71
13	0.006	0.297	0.062	0.026	0.390	0.542
############################################################
pt: 30 ~ 35
*	3	4	5	6	7	8
8	0.04
9	0.39	0.53
10	0.45	0.59	0.74
11	0.34	0.44	0.52	0.41
12	0.52	0.66	0.79	0.73	2.05
13	0.619	0.764	0.907	0.873	2.112	1.947
############################################################
pt: 35 ~ 50
*	3	4	5	6	7	8
8	0.04
9	0.31	0.47
10	0.46	0.62	0.82
11	0.70	0.90	1.15	1.80
12	0.55	0.71	0.88	1.36	0.88
13	0.720	0.901	1.095	1.585	1.183	1.937
############################################################
pt: 50 ~ 60
*	3	4	5	6	7	8
8	1.10
9	1.07	0.99
10	1.18	1.13	0.75
11	1.26	1.22	0.90	0.72
12	1.11	1.07	0.77	0.60	0.99
13	0.809	0.741	0.435	0.263	0.494	0.503
############################################################
pt: 60 ~ 400
*	3	4	5	6	7	8
8	0.67
9	0.49	0.28
10	0.58	0.41	0.66
11	0.56	0.41	0.62	0.76
12	0.71	0.59	0.81	0.97	0.71
13	0.717	0.606	0.804	0.952	0.719	0.091
############################################################
