pt: 20 ~ 25
*	3	4	5	6	7	8
8	0.59
9	0.67	0.42
10	0.89	0.73	0.54
11	0.80	0.63	0.43	0.79
12	0.86	0.72	0.56	0.90	1.03
13	0.981	0.867	0.752	1.103	1.262	1.633
############################################################
pt: 25 ~ 30
*	3	4	5	6	7	8
8	0.28
9	0.29	0.34
10	0.36	0.41	0.46
11	0.47	0.54	0.60	0.51
12	0.48	0.54	0.60	0.52	0.70
13	0.445	0.501	0.548	0.463	0.614	0.697
############################################################
pt: 30 ~ 35
*	3	4	5	6	7	8
8	0.61
9	0.69	0.60
10	0.70	0.62	0.64
11	0.67	0.59	0.61	0.65
12	0.74	0.69	0.72	0.77	1.08
13	0.807	0.766	0.811	0.868	1.170	1.120
############################################################
pt: 35 ~ 50
*	3	4	5	6	7	8
8	0.27
9	0.47	0.53
10	0.48	0.54	0.72
11	0.54	0.60	0.76	1.02
12	0.53	0.59	0.73	0.95	0.76
13	0.619	0.688	0.828	1.033	0.887	1.083
############################################################
pt: 50 ~ 60
*	3	4	5	6	7	8
8	0.07
9	0.48	0.44
10	0.46	0.42	0.46
11	0.50	0.47	0.50	0.40
12	0.44	0.41	0.43	0.32	0.32
13	0.334	0.282	0.276	0.155	0.108	0.145
############################################################
pt: 60 ~ 400
*	3	4	5	6	7	8
8	0.34
9	0.27	0.16
10	0.25	0.15	0.15
11	0.26	0.18	0.18	0.18
12	0.29	0.22	0.23	0.24	0.22
13	0.306	0.245	0.259	0.270	0.254	0.247
############################################################
