pt range	chiso range	DataNumber	FakeNumber	TrueNumber	fitFake_number	fitTrue_number	closureFake_test	closureTrue_test
#######################################################################################
20 <pt<25 	3<chiso range<8 	229.886	54.3018	35.8359	44.7091	44.4852	1.94308	0.75341
20 <pt<25 	3<chiso range<9 	229.886	54.3018	35.8359	44.042	45.2341	2.10736	0.821112
20 <pt<25 	3<chiso range<10 	229.886	54.3018	35.8359	41.1898	48.4602	2.86559	1.11707
20 <pt<25 	3<chiso range<11 	229.886	54.3018	35.8359	42.256	47.57	2.56088	1.02963
20 <pt<25 	3<chiso range<12 	229.886	54.3018	35.8359	41.298	48.4401	2.83085	1.11311
20 <pt<25 	3<chiso range<13 	229.886	54.3018	35.8359	40.2156	49.3301	3.15536	1.20162
20 <pt<25 	4<chiso range<9 	229.886	54.3018	35.8359	46.9791	42.3648	1.40947	0.560055
20 <pt<25 	4<chiso range<10 	229.886	54.3018	35.8359	43.0122	46.8549	2.35722	0.96224
20 <pt<25 	4<chiso range<11 	229.886	54.3018	35.8359	44.1268	45.8832	2.06722	0.869971
20 <pt<25 	4<chiso range<12 	229.886	54.3018	35.8359	42.8615	47.0912	2.39381	0.982386
20 <pt<25 	4<chiso range<13 	229.886	54.3018	35.8359	41.4325	48.2193	2.79459	1.09331
20 <pt<25 	5<chiso range<10 	229.886	54.3018	35.8359	44.9811	46.0501	1.83663	0.871051
20 <pt<25 	5<chiso range<11 	229.886	54.3018	35.8359	46.1694	44.9341	1.55969	0.769397
20 <pt<25 	5<chiso range<12 	229.886	54.3018	35.8359	44.4283	46.4812	1.97145	0.911366
20 <pt<25 	5<chiso range<13 	229.886	54.3018	35.8359	42.5945	47.8463	2.4506	1.04441
20 <pt<25 	6<chiso range<11 	229.886	54.3018	35.8359	41.3344	51.309	2.72676	1.32688
20 <pt<25 	6<chiso range<12 	229.886	54.3018	35.8359	39.8996	52.2932	3.15256	1.4293
20 <pt<25 	6<chiso range<13 	229.886	54.3018	35.8359	38.3258	53.1981	3.66763	1.53164
20 <pt<25 	7<chiso range<12 	229.886	54.3018	35.8359	38.7744	52.749	3.52201	1.48714
20 <pt<25 	7<chiso range<13 	229.886	54.3018	35.8359	36.9051	53.9203	4.17834	1.61864
20 <pt<25 	8<chiso range<13 	229.886	54.3018	35.8359	33.3226	56.9305	5.6156	1.93836
#######################################################################################
25 <pt<30 	3<chiso range<8 	106.039	25.7279	23.1041	21.5824	26.5234	1.19171	0.415583
25 <pt<30 	3<chiso range<9 	106.039	25.7279	23.1041	21.3727	26.8069	1.26182	0.450302
25 <pt<30 	3<chiso range<10 	106.039	25.7279	23.1041	21.1239	26.9952	1.35133	0.475092
25 <pt<30 	3<chiso range<11 	106.039	25.7279	23.1041	20.4705	27.6034	1.5937	0.553896
25 <pt<30 	3<chiso range<12 	106.039	25.7279	23.1041	20.5075	27.4617	1.5837	0.537513
25 <pt<30 	3<chiso range<13 	106.039	25.7279	23.1041	20.7515	27.2521	1.49087	0.509912
25 <pt<30 	4<chiso range<9 	106.039	25.7279	23.1041	20.9099	27.2519	1.42693	0.507113
25 <pt<30 	4<chiso range<10 	106.039	25.7279	23.1041	20.6728	27.4234	1.51642	0.53016
25 <pt<30 	4<chiso range<11 	106.039	25.7279	23.1041	19.9741	28.0734	1.78807	0.615333
25 <pt<30 	4<chiso range<12 	106.039	25.7279	23.1041	20.0559	27.8785	1.76038	0.592189
25 <pt<30 	4<chiso range<13 	106.039	25.7279	23.1041	20.3538	27.6196	1.64222	0.557802
25 <pt<30 	5<chiso range<10 	106.039	25.7279	23.1041	20.4444	27.7776	1.59755	0.573433
25 <pt<30 	5<chiso range<11 	106.039	25.7279	23.1041	19.6333	28.5085	1.92216	0.670266
25 <pt<30 	5<chiso range<12 	106.039	25.7279	23.1041	19.7677	28.2242	1.87396	0.636237
25 <pt<30 	5<chiso range<13 	106.039	25.7279	23.1041	20.1336	27.9033	1.7254	0.593428
25 <pt<30 	6<chiso range<11 	106.039	25.7279	23.1041	20.4755	27.7428	1.58563	0.568886
25 <pt<30 	6<chiso range<12 	106.039	25.7279	23.1041	20.5393	27.4784	1.56926	0.538545
25 <pt<30 	6<chiso range<13 	106.039	25.7279	23.1041	20.9484	27.1227	1.41582	0.49199
25 <pt<30 	7<chiso range<12 	106.039	25.7279	23.1041	19.138	28.9557	2.13346	0.730029
25 <pt<30 	7<chiso range<13 	106.039	25.7279	23.1041	19.7418	28.4123	1.87658	0.657136
25 <pt<30 	8<chiso range<13 	106.039	25.7279	23.1041	19.4561	28.4048	2.0096	0.662816
#######################################################################################
30 <pt<40 	3<chiso range<8 	93.5394	25.3195	27.9962	16.7475	35.8226	2.7648	0.961166
30 <pt<40 	3<chiso range<9 	93.5394	25.3195	27.9962	15.6291	36.9905	3.34552	1.11711
30 <pt<40 	3<chiso range<10 	93.5394	25.3195	27.9962	15.5852	36.9832	3.37565	1.11815
30 <pt<40 	3<chiso range<11 	93.5394	25.3195	27.9962	15.6866	36.9426	3.31282	1.1103
30 <pt<40 	3<chiso range<12 	93.5394	25.3195	27.9962	15.8418	36.8111	3.22543	1.09154
30 <pt<40 	3<chiso range<13 	93.5394	25.3195	27.9962	15.0724	37.5217	3.66993	1.19076
30 <pt<40 	4<chiso range<9 	93.5394	25.3195	27.9962	15.3919	37.3615	3.46496	1.16238
30 <pt<40 	4<chiso range<10 	93.5394	25.3195	27.9962	15.3707	37.2991	3.48648	1.15727
30 <pt<40 	4<chiso range<11 	93.5394	25.3195	27.9962	15.5112	37.2256	3.39932	1.14461
30 <pt<40 	4<chiso range<12 	93.5394	25.3195	27.9962	15.7076	37.0497	3.28785	1.11988
30 <pt<40 	4<chiso range<13 	93.5394	25.3195	27.9962	14.8212	37.8568	3.81289	1.23343
30 <pt<40 	5<chiso range<10 	93.5394	25.3195	27.9962	15.0359	37.7166	3.67378	1.21114
30 <pt<40 	5<chiso range<11 	93.5394	25.3195	27.9962	15.2495	37.5799	3.53903	1.18929
30 <pt<40 	5<chiso range<12 	93.5394	25.3195	27.9962	15.5135	37.3319	3.3864	1.15479
30 <pt<40 	5<chiso range<13 	93.5394	25.3195	27.9962	14.4713	38.2684	4.02667	1.28776
30 <pt<40 	6<chiso range<11 	93.5394	25.3195	27.9962	14.0758	38.7495	4.27847	1.35097
30 <pt<40 	6<chiso range<12 	93.5394	25.3195	27.9962	14.4969	38.3447	3.99738	1.29394
30 <pt<40 	6<chiso range<13 	93.5394	25.3195	27.9962	13.4455	39.2827	4.74281	1.43015
30 <pt<40 	7<chiso range<12 	93.5394	25.3195	27.9962	14.0227	38.8986	4.30189	1.36746
30 <pt<40 	7<chiso range<13 	93.5394	25.3195	27.9962	12.7594	40.0063	5.27882	1.53094
30 <pt<40 	8<chiso range<13 	93.5394	25.3195	27.9962	12.353	40.2074	5.65988	1.5697
#######################################################################################
40 <pt<50 	3<chiso range<8 	37.5659	7.75914	15.9602	9.51984	14.2696	0.612763	0.290468
40 <pt<50 	3<chiso range<9 	37.5659	7.75914	15.9602	8.46912	15.3812	0.276007	0.102099
40 <pt<50 	3<chiso range<10 	37.5659	7.75914	15.9602	8.1726	15.7117	0.16587	0.0440651
40 <pt<50 	3<chiso range<11 	37.5659	7.75914	15.9602	7.74526	16.139	0.00586649	0.0320657
40 <pt<50 	3<chiso range<12 	37.5659	7.75914	15.9602	7.41861	16.4526	0.150289	0.0891435
40 <pt<50 	3<chiso range<13 	37.5659	7.75914	15.9602	7.26732	16.5996	0.221568	0.116246
40 <pt<50 	4<chiso range<9 	37.5659	7.75914	15.9602	8.65142	15.2748	0.337545	0.119647
40 <pt<50 	4<chiso range<10 	37.5659	7.75914	15.9602	8.23468	15.723	0.188149	0.0417842
40 <pt<50 	4<chiso range<11 	37.5659	7.75914	15.9602	7.70251	16.243	0.0239345	0.0505701
40 <pt<50 	4<chiso range<12 	37.5659	7.75914	15.9602	7.31925	16.602	0.195856	0.116118
40 <pt<50 	4<chiso range<13 	37.5659	7.75914	15.9602	7.14996	16.7619	0.277759	0.145779
40 <pt<50 	5<chiso range<10 	37.5659	7.75914	15.9602	7.23683	16.6425	0.236032	0.124052
40 <pt<50 	5<chiso range<11 	37.5659	7.75914	15.9602	6.82574	17.0505	0.4465	0.200315
40 <pt<50 	5<chiso range<12 	37.5659	7.75914	15.9602	6.53375	17.3353	0.612769	0.254685
40 <pt<50 	5<chiso range<13 	37.5659	7.75914	15.9602	6.42295	17.4431	0.679732	0.275443
40 <pt<50 	6<chiso range<11 	37.5659	7.75914	15.9602	6.07506	17.8041	0.904029	0.345181
40 <pt<50 	6<chiso range<12 	37.5659	7.75914	15.9602	5.86017	17.9988	1.05771	0.384031
40 <pt<50 	6<chiso range<13 	37.5659	7.75914	15.9602	5.8042	18.0487	1.09968	0.394085
40 <pt<50 	7<chiso range<12 	37.5659	7.75914	15.9602	6.03077	17.8897	0.931013	0.360695
40 <pt<50 	7<chiso range<13 	37.5659	7.75914	15.9602	5.94407	17.9616	0.992927	0.375241
40 <pt<50 	8<chiso range<13 	37.5659	7.75914	15.9602	5.0764	18.8689	1.71109	0.555372
#######################################################################################
50 <pt<70 	3<chiso range<8 	29.7301	7.08341	15.3726	3.66565	18.5755	2.24024	0.645568
50 <pt<70 	3<chiso range<9 	29.7301	7.08341	15.3726	3.80972	18.4159	2.07087	0.611334
50 <pt<70 	3<chiso range<10 	29.7301	7.08341	15.3726	3.90158	18.3601	1.95515	0.596834
50 <pt<70 	3<chiso range<11 	29.7301	7.08341	15.3726	3.77677	18.4789	2.09989	0.623296
50 <pt<70 	3<chiso range<12 	29.7301	7.08341	15.3726	3.80764	18.4664	2.05777	0.619366
50 <pt<70 	3<chiso range<13 	29.7301	7.08341	15.3726	4.07295	18.1729	1.77746	0.556985
50 <pt<70 	4<chiso range<9 	29.7301	7.08341	15.3726	4.2375	17.9835	1.62215	0.517473
50 <pt<70 	4<chiso range<10 	29.7301	7.08341	15.3726	4.26175	18.004	1.58833	0.519358
50 <pt<70 	4<chiso range<11 	29.7301	7.08341	15.3726	4.06215	18.1964	1.78498	0.561326
50 <pt<70 	4<chiso range<12 	29.7301	7.08341	15.3726	4.06608	18.2139	1.77506	0.563838
50 <pt<70 	4<chiso range<13 	29.7301	7.08341	15.3726	4.35713	17.8888	1.50611	0.495776
50 <pt<70 	5<chiso range<10 	29.7301	7.08341	15.3726	4.47471	17.7898	1.39986	0.473701
50 <pt<70 	5<chiso range<11 	29.7301	7.08341	15.3726	4.1901	18.0659	1.65861	0.533239
50 <pt<70 	5<chiso range<12 	29.7301	7.08341	15.3726	4.17725	18.1051	1.66423	0.540165
50 <pt<70 	5<chiso range<13 	29.7301	7.08341	15.3726	4.51458	17.7267	1.37131	0.461528
50 <pt<70 	6<chiso range<11 	29.7301	7.08341	15.3726	4.2066	18.0301	1.64763	0.526619
50 <pt<70 	6<chiso range<12 	29.7301	7.08341	15.3726	4.19002	18.0789	1.65535	0.535289
50 <pt<70 	6<chiso range<13 	29.7301	7.08341	15.3726	4.57176	17.6536	1.32748	0.446872
50 <pt<70 	7<chiso range<12 	29.7301	7.08341	15.3726	4.16046	18.1395	1.67586	0.546538
50 <pt<70 	7<chiso range<13 	29.7301	7.08341	15.3726	4.61723	17.6246	1.28753	0.439925
50 <pt<70 	8<chiso range<13 	29.7301	7.08341	15.3726	4.58695	17.6628	1.31024	0.447583
#######################################################################################
70 <pt<100 	3<chiso range<8 	11.835	1.17537	8.48005	1.15831	8.34026	0.0207963	0.0461344
70 <pt<100 	3<chiso range<9 	11.835	1.17537	8.48005	1.35641	8.13534	0.188354	0.112094
70 <pt<100 	3<chiso range<10 	11.835	1.17537	8.48005	1.38906	8.10139	0.217493	0.122845
70 <pt<100 	3<chiso range<11 	11.835	1.17537	8.48005	1.35587	8.13319	0.188099	0.112846
70 <pt<100 	3<chiso range<12 	11.835	1.17537	8.48005	1.39855	8.09305	0.225566	0.125433
70 <pt<100 	3<chiso range<13 	11.835	1.17537	8.48005	1.31209	8.17648	0.147009	0.0991042
70 <pt<100 	4<chiso range<9 	11.835	1.17537	8.48005	1.74851	7.74461	0.467782	0.231491
70 <pt<100 	4<chiso range<10 	11.835	1.17537	8.48005	1.71431	7.77689	0.448657	0.222064
70 <pt<100 	4<chiso range<11 	11.835	1.17537	8.48005	1.63462	7.85609	0.400214	0.198411
70 <pt<100 	4<chiso range<12 	11.835	1.17537	8.48005	1.66888	7.82378	0.421242	0.208006
70 <pt<100 	4<chiso range<13 	11.835	1.17537	8.48005	1.54807	7.94329	0.342008	0.171896
70 <pt<100 	5<chiso range<10 	11.835	1.17537	8.48005	1.3739	8.11272	0.204544	0.119384
70 <pt<100 	5<chiso range<11 	11.835	1.17537	8.48005	1.33104	8.15409	0.165394	0.106316
70 <pt<100 	5<chiso range<12 	11.835	1.17537	8.48005	1.38941	8.09945	0.217958	0.123502
70 <pt<100 	5<chiso range<13 	11.835	1.17537	8.48005	1.2772	8.20756	0.11252	0.0892471
70 <pt<100 	6<chiso range<11 	11.835	1.17537	8.48005	1.35566	8.12831	0.188354	0.114527
70 <pt<100 	6<chiso range<12 	11.835	1.17537	8.48005	1.42287	8.06539	0.246465	0.134212
70 <pt<100 	6<chiso range<13 	11.835	1.17537	8.48005	1.28883	8.19497	0.124356	0.0933015
70 <pt<100 	7<chiso range<12 	11.835	1.17537	8.48005	1.68221	7.83342	0.424809	0.203852
70 <pt<100 	7<chiso range<13 	11.835	1.17537	8.48005	1.49259	8.0187	0.298613	0.147914
70 <pt<100 	8<chiso range<13 	11.835	1.17537	8.48005	1.52688	7.97868	0.324679	0.160448
#######################################################################################
100 <pt<120 	3<chiso range<8 	3.47768	0.410672	2.54921	0.151982	2.78109	1.21826	0.0843356
100 <pt<120 	3<chiso range<9 	3.47768	0.410672	2.54921	0.2328	2.69563	0.556259	0.0538495
100 <pt<120 	3<chiso range<10 	3.47768	0.410672	2.54921	0.202463	2.73136	0.741237	0.0666501
100 <pt<120 	3<chiso range<11 	3.47768	0.410672	2.54921	0.212559	2.72035	0.674786	0.0627095
100 <pt<120 	3<chiso range<12 	3.47768	0.410672	2.54921	0.201864	2.72872	0.751535	0.0657522
100 <pt<120 	3<chiso range<13 	3.47768	0.410672	2.54921	0.164188	2.76365	1.08696	0.0782662
100 <pt<120 	4<chiso range<9 	3.47768	0.410672	2.54921	0.25694	2.66745	0.432315	0.0436352
100 <pt<120 	4<chiso range<10 	3.47768	0.410672	2.54921	0.225058	2.70816	0.593211	0.0583159
100 <pt<120 	4<chiso range<11 	3.47768	0.410672	2.54921	0.231182	2.69943	0.562598	0.0551965
100 <pt<120 	4<chiso range<12 	3.47768	0.410672	2.54921	0.218257	2.71379	0.640003	0.0603604
100 <pt<120 	4<chiso range<13 	3.47768	0.410672	2.54921	0.173829	2.74934	0.985069	0.0732698
100 <pt<120 	5<chiso range<10 	3.47768	0.410672	2.54921	0.32944	2.63871	0.172872	0.0326893
100 <pt<120 	5<chiso range<11 	3.47768	0.410672	2.54921	0.299643	2.63853	0.265951	0.0329083
100 <pt<120 	5<chiso range<12 	3.47768	0.410672	2.54921	0.288855	2.64273	0.305379	0.0345114
100 <pt<120 	5<chiso range<13 	3.47768	0.410672	2.54921	0.221932	2.70761	0.615061	0.0581709
100 <pt<120 	6<chiso range<11 	3.47768	0.410672	2.54921	0.367888	2.57895	0.0845945	0.0109698
100 <pt<120 	6<chiso range<12 	3.47768	0.410672	2.54921	0.359068	2.57974	0.105812	0.0112897
100 <pt<120 	6<chiso range<13 	3.47768	0.410672	2.54921	0.259565	2.66175	0.423709	0.0415852
100 <pt<120 	7<chiso range<12 	3.47768	0.410672	2.54921	0.430867	2.53663	0.0331391	0.00461274
100 <pt<120 	7<chiso range<13 	3.47768	0.410672	2.54921	0.273308	2.66366	0.358214	0.0421043
100 <pt<120 	8<chiso range<13 	3.47768	0.410672	2.54921	0.188966	2.72675	0.865883	0.0652781
#######################################################################################
120 <pt<400 	3<chiso range<8 	4.22242	0.196045	4.17051	0.0601735	4.18867	0.532514	0.0042793
120 <pt<400 	3<chiso range<9 	4.22242	0.196045	4.17051	0.0733193	4.1802	0.397991	0.00228845
120 <pt<400 	3<chiso range<10 	4.22242	0.196045	4.17051	0.678193	2.16286	0.439816	1.10311
120 <pt<400 	3<chiso range<11 	4.22242	0.196045	4.17051	0.0705029	4.19494	0.4283	0.00573441
120 <pt<400 	3<chiso range<12 	4.22242	0.196045	4.17051	0.060332	4.20098	0.537347	0.00714703
120 <pt<400 	3<chiso range<13 	4.22242	0.196045	4.17051	0.0792869	4.19341	0.354146	0.00537652
120 <pt<400 	4<chiso range<9 	4.22242	0.196045	4.17051	0.0712841	4.18863	0.416297	0.00426116
120 <pt<400 	4<chiso range<10 	4.22242	0.196045	4.17051	0.672616	2.16286	0.438331	1.10311
120 <pt<400 	4<chiso range<11 	4.22242	0.196045	4.17051	0.068004	4.19786	0.45199	0.00641764
120 <pt<400 	4<chiso range<12 	4.22242	0.196045	4.17051	0.0573279	4.17288	0.57526	0.00056604
120 <pt<400 	4<chiso range<13 	4.22242	0.196045	4.17051	0.0780273	4.19182	0.36431	0.00500383
120 <pt<400 	5<chiso range<10 	4.22242	0.196045	4.17051	0.0799201	4.18813	0.350548	0.00445413
120 <pt<400 	5<chiso range<11 	4.22242	0.196045	4.17051	0.0651502	4.20071	0.481417	0.00708513
120 <pt<400 	5<chiso range<12 	4.22242	0.196045	4.17051	0.0538925	4.21288	0.627209	0.00995685
120 <pt<400 	5<chiso range<13 	4.22242	0.196045	4.17051	0.0748036	4.1804	0.386048	0.00233451
120 <pt<400 	6<chiso range<11 	4.22242	0.196045	4.17051	0.128233	4.14225	0.132182	0.0067437
120 <pt<400 	6<chiso range<12 	4.22242	0.196045	4.17051	0.0926182	4.3257	0.366087	0.156087
120 <pt<400 	6<chiso range<13 	4.22242	0.196045	4.17051	0.146725	4.13689	0.083325	0.00800114
120 <pt<400 	7<chiso range<12 	4.22242	0.196045	4.17051	0.104362	4.16394	0.214721	0.00155537
120 <pt<400 	7<chiso range<13 	4.22242	0.196045	4.17051	0.213955	4.05271	0.0101849	0.0290522
120 <pt<400 	8<chiso range<13 	4.22242	0.196045	4.17051	0.824939	2.16286	0.471629	1.10311
#######################################################################################
