pt range	chiso range	DataNumber	FakeNumber	TrueNumber	fitFake_number	fitTrue_number	closureFake_test	closureTrue_test
#######################################################################################
20 <pt<25 	3<chiso range<8 	6.9527e-310	6.9527e-310	2.71736e-322	44.8849	26.6483	7.68227	2.60339
20 <pt<25 	3<chiso range<9 	6.9527e-310	6.9527e-310	2.71736e-322	44.7157	26.8469	7.68571	2.62896
20 <pt<25 	3<chiso range<10 	6.9527e-310	6.9527e-310	2.71736e-322	44.0505	27.5211	7.68362	2.70813
20 <pt<25 	3<chiso range<11 	6.9527e-310	6.9527e-310	2.71736e-322	42.7618	28.8014	7.67492	2.85734
20 <pt<25 	3<chiso range<12 	6.9527e-310	6.9527e-310	2.71736e-322	41.5243	30.0245	7.66759	3.00176
20 <pt<25 	3<chiso range<13 	6.9527e-310	6.9527e-310	2.71736e-322	41.039	30.5243	7.66809	3.06358
20 <pt<25 	4<chiso range<9 	6.9527e-310	6.9527e-310	2.71736e-322	43.4588	28.0956	7.67666	2.7732
20 <pt<25 	4<chiso range<10 	6.9527e-310	6.9527e-310	2.71736e-322	42.8354	28.7292	7.67548	2.84893
20 <pt<25 	4<chiso range<11 	6.9527e-310	6.9527e-310	2.71736e-322	41.4753	30.0811	7.6687	3.00943
20 <pt<25 	4<chiso range<12 	6.9527e-310	6.9527e-310	2.71736e-322	40.1832	31.3599	7.66166	3.16269
20 <pt<25 	4<chiso range<13 	6.9527e-310	6.9527e-310	2.71736e-322	39.7418	31.8133	7.66262	3.21995
20 <pt<25 	5<chiso range<10 	6.9527e-310	6.9527e-310	2.71736e-322	41.2843	30.2554	7.665	3.02838
20 <pt<25 	5<chiso range<11 	6.9527e-310	6.9527e-310	2.71736e-322	39.8618	31.6741	7.65941	3.20032
20 <pt<25 	5<chiso range<12 	6.9527e-310	6.9527e-310	2.71736e-322	38.5248	33.0069	7.65344	3.36336
20 <pt<25 	5<chiso range<13 	6.9527e-310	6.9527e-310	2.71736e-322	38.172	33.3687	7.65479	3.41014
20 <pt<25 	6<chiso range<11 	6.9527e-310	6.9527e-310	2.71736e-322	38.7812	32.7507	7.65436	3.33171
20 <pt<25 	6<chiso range<12 	6.9527e-310	6.9527e-310	2.71736e-322	37.3486	34.1839	7.64876	3.50937
20 <pt<25 	6<chiso range<13 	6.9527e-310	6.9527e-310	2.71736e-322	37.0711	34.466	7.6505	3.54675
20 <pt<25 	7<chiso range<12 	6.9527e-310	6.9527e-310	2.71736e-322	37.024	34.5089	7.64786	3.55024
20 <pt<25 	7<chiso range<13 	6.9527e-310	6.9527e-310	2.71736e-322	36.7307	34.8081	7.65013	3.59036
20 <pt<25 	8<chiso range<13 	6.9527e-310	6.9527e-310	2.71736e-322	35.9295	35.6606	7.65702	3.70577
#######################################################################################
25 <pt<30 	3<chiso range<8 	6.9527e-310	6.9527e-310	2.71736e-322	21.0491	19.8986	4.91135	2.60982
25 <pt<30 	3<chiso range<9 	6.9527e-310	6.9527e-310	2.71736e-322	20.181	20.7681	4.90393	2.75594
25 <pt<30 	3<chiso range<10 	6.9527e-310	6.9527e-310	2.71736e-322	20.1334	20.8232	4.90707	2.76813
25 <pt<30 	3<chiso range<11 	6.9527e-310	6.9527e-310	2.71736e-322	18.9237	22.0335	4.89824	2.97683
25 <pt<30 	3<chiso range<12 	6.9527e-310	6.9527e-310	2.71736e-322	18.6761	22.2774	4.89436	3.01764
25 <pt<30 	3<chiso range<13 	6.9527e-310	6.9527e-310	2.71736e-322	18.0461	22.9063	4.88928	3.12772
25 <pt<30 	4<chiso range<9 	6.9527e-310	6.9527e-310	2.71736e-322	19.4911	21.4487	4.89103	2.86614
25 <pt<30 	4<chiso range<10 	6.9527e-310	6.9527e-310	2.71736e-322	19.5514	21.3939	4.89605	2.86044
25 <pt<30 	4<chiso range<11 	6.9527e-310	6.9527e-310	2.71736e-322	18.2212	22.7272	4.888	3.09394
25 <pt<30 	4<chiso range<12 	6.9527e-310	6.9527e-310	2.71736e-322	17.999	22.9481	4.88494	3.13163
25 <pt<30 	4<chiso range<13 	6.9527e-310	6.9527e-310	2.71736e-322	17.3432	23.6046	4.88049	3.24841
25 <pt<30 	5<chiso range<10 	6.9527e-310	6.9527e-310	2.71736e-322	18.6909	22.2722	4.899	3.02059
25 <pt<30 	5<chiso range<11 	6.9527e-310	6.9527e-310	2.71736e-322	17.2766	23.6844	4.88955	3.27117
25 <pt<30 	5<chiso range<12 	6.9527e-310	6.9527e-310	2.71736e-322	17.1214	23.8347	4.88562	3.29555
25 <pt<30 	5<chiso range<13 	6.9527e-310	6.9527e-310	2.71736e-322	16.468	24.4861	4.88055	3.41244
25 <pt<30 	6<chiso range<11 	6.9527e-310	6.9527e-310	2.71736e-322	16.1167	24.8715	4.89551	3.49854
25 <pt<30 	6<chiso range<12 	6.9527e-310	6.9527e-310	2.71736e-322	16.0786	24.8953	4.88933	3.49735
25 <pt<30 	6<chiso range<13 	6.9527e-310	6.9527e-310	2.71736e-322	15.4437	25.5224	4.88277	3.60998
25 <pt<30 	7<chiso range<12 	6.9527e-310	6.9527e-310	2.71736e-322	15.5582	25.41	4.88434	3.59011
25 <pt<30 	7<chiso range<13 	6.9527e-310	6.9527e-310	2.71736e-322	14.8674	26.0937	4.87732	3.71378
25 <pt<30 	8<chiso range<13 	6.9527e-310	6.9527e-310	2.71736e-322	14.4047	26.5488	4.86857	3.79269
#######################################################################################
30 <pt<40 	3<chiso range<8 	6.9527e-310	6.9527e-310	2.71736e-322	17.8107	20.1772	4.21504	2.72404
30 <pt<40 	3<chiso range<9 	6.9527e-310	6.9527e-310	2.71736e-322	17.297	20.6913	4.21037	2.81711
30 <pt<40 	3<chiso range<10 	6.9527e-310	6.9527e-310	2.71736e-322	16.357	21.6332	4.20229	2.99082
30 <pt<40 	3<chiso range<11 	6.9527e-310	6.9527e-310	2.71736e-322	15.9328	22.0636	4.19592	3.069
30 <pt<40 	3<chiso range<12 	6.9527e-310	6.9527e-310	2.71736e-322	15.4823	22.5137	4.19382	3.15556
30 <pt<40 	3<chiso range<13 	6.9527e-310	6.9527e-310	2.71736e-322	14.8735	23.126	4.18947	3.27317
30 <pt<40 	4<chiso range<9 	6.9527e-310	6.9527e-310	2.71736e-322	17.1955	20.7961	4.21423	2.84028
30 <pt<40 	4<chiso range<10 	6.9527e-310	6.9527e-310	2.71736e-322	16.1125	21.8775	4.20362	3.03948
30 <pt<40 	4<chiso range<11 	6.9527e-310	6.9527e-310	2.71736e-322	15.6587	22.3358	4.19575	3.12218
30 <pt<40 	4<chiso range<12 	6.9527e-310	6.9527e-310	2.71736e-322	15.1774	22.8169	4.19309	3.21495
30 <pt<40 	4<chiso range<13 	6.9527e-310	6.9527e-310	2.71736e-322	14.531	23.4668	4.18875	3.34076
30 <pt<40 	5<chiso range<10 	6.9527e-310	6.9527e-310	2.71736e-322	16.7301	21.2592	4.20727	2.92296
30 <pt<40 	5<chiso range<11 	6.9527e-310	6.9527e-310	2.71736e-322	16.0816	21.9137	4.19706	3.04075
30 <pt<40 	5<chiso range<12 	6.9527e-310	6.9527e-310	2.71736e-322	15.4566	22.5384	4.19421	3.16079
30 <pt<40 	5<chiso range<13 	6.9527e-310	6.9527e-310	2.71736e-322	14.6697	23.3299	4.18866	3.31319
30 <pt<40 	6<chiso range<11 	6.9527e-310	6.9527e-310	2.71736e-322	15.1773	22.8186	4.19216	3.21446
30 <pt<40 	6<chiso range<12 	6.9527e-310	6.9527e-310	2.71736e-322	14.5801	23.4151	4.19015	3.33169
30 <pt<40 	6<chiso range<13 	6.9527e-310	6.9527e-310	2.71736e-322	13.807	24.1951	4.18547	3.48462
30 <pt<40 	7<chiso range<12 	6.9527e-310	6.9527e-310	2.71736e-322	13.3128	24.7354	4.18025	3.5863
30 <pt<40 	7<chiso range<13 	6.9527e-310	6.9527e-310	2.71736e-322	12.6468	25.393	4.177	3.72029
30 <pt<40 	8<chiso range<13 	6.9527e-310	6.9527e-310	2.71736e-322	11.7848	26.2582	4.17262	3.89733
#######################################################################################
40 <pt<50 	3<chiso range<8 	6.9527e-310	6.9527e-310	2.71736e-322	7.15605	10.4237	2.5302	2.11847
40 <pt<50 	3<chiso range<9 	6.9527e-310	6.9527e-310	2.71736e-322	7.0373	10.5316	2.52662	2.14885
40 <pt<50 	3<chiso range<10 	6.9527e-310	6.9527e-310	2.71736e-322	6.73282	10.8281	2.52164	2.23757
40 <pt<50 	3<chiso range<11 	6.9527e-310	6.9527e-310	2.71736e-322	6.68622	10.8877	2.52412	2.25887
40 <pt<50 	3<chiso range<12 	6.9527e-310	6.9527e-310	2.71736e-322	6.50476	11.0583	2.51979	2.30908
40 <pt<50 	3<chiso range<13 	6.9527e-310	6.9527e-310	2.71736e-322	6.30924	11.2342	2.51598	2.36412
40 <pt<50 	4<chiso range<9 	6.9527e-310	6.9527e-310	2.71736e-322	6.67402	10.8813	2.52008	2.25296
40 <pt<50 	4<chiso range<10 	6.9527e-310	6.9527e-310	2.71736e-322	6.3813	11.1539	2.51569	2.33884
40 <pt<50 	4<chiso range<11 	6.9527e-310	6.9527e-310	2.71736e-322	6.36844	11.1837	2.51901	2.35135
40 <pt<50 	4<chiso range<12 	6.9527e-310	6.9527e-310	2.71736e-322	6.20297	11.3466	2.51498	2.39842
40 <pt<50 	4<chiso range<13 	6.9527e-310	6.9527e-310	2.71736e-322	6.03182	11.5162	2.51169	2.44901
40 <pt<50 	5<chiso range<10 	6.9527e-310	6.9527e-310	2.71736e-322	6.68385	10.8585	2.51717	2.24293
40 <pt<50 	5<chiso range<11 	6.9527e-310	6.9527e-310	2.71736e-322	6.63007	10.9293	2.52031	2.26844
40 <pt<50 	5<chiso range<12 	6.9527e-310	6.9527e-310	2.71736e-322	6.38122	11.151	2.5152	2.33747
40 <pt<50 	5<chiso range<13 	6.9527e-310	6.9527e-310	2.71736e-322	6.15894	11.3769	2.51141	2.40446
40 <pt<50 	6<chiso range<11 	6.9527e-310	6.9527e-310	2.71736e-322	6.58824	10.9693	2.51936	2.28026
40 <pt<50 	6<chiso range<12 	6.9527e-310	6.9527e-310	2.71736e-322	6.29418	11.2392	2.51343	2.36318
40 <pt<50 	6<chiso range<13 	6.9527e-310	6.9527e-310	2.71736e-322	6.03992	11.4958	2.50928	2.4401
40 <pt<50 	7<chiso range<12 	6.9527e-310	6.9527e-310	2.71736e-322	5.63394	11.9422	2.51284	2.58938
40 <pt<50 	7<chiso range<13 	6.9527e-310	6.9527e-310	2.71736e-322	5.45771	12.0984	2.50755	2.63674
40 <pt<50 	8<chiso range<13 	6.9527e-310	6.9527e-310	2.71736e-322	5.43085	12.1059	2.5032	2.63485
#######################################################################################
50 <pt<65 	3<chiso range<8 	6.9527e-310	6.9527e-310	2.71736e-322	1.92559	7.11622	0.61865	1.1884
50 <pt<65 	3<chiso range<9 	6.9527e-310	6.9527e-310	2.71736e-322	1.95135	7.11622	0.618647	1.1884
50 <pt<65 	3<chiso range<10 	6.9527e-310	6.9527e-310	2.71736e-322	1.92998	7.11622	0.618649	1.1884
50 <pt<65 	3<chiso range<11 	6.9527e-310	6.9527e-310	2.71736e-322	1.90036	7.11622	0.618649	1.1884
50 <pt<65 	3<chiso range<12 	6.9527e-310	6.9527e-310	2.71736e-322	1.91013	7.11622	0.61865	1.1884
50 <pt<65 	3<chiso range<13 	6.9527e-310	6.9527e-310	2.71736e-322	1.90262	7.11622	0.618648	1.1884
50 <pt<65 	4<chiso range<9 	6.9527e-310	6.9527e-310	2.71736e-322	1.94906	7.11622	0.618647	1.1884
50 <pt<65 	4<chiso range<10 	6.9527e-310	6.9527e-310	2.71736e-322	1.92507	7.11622	0.618647	1.1884
50 <pt<65 	4<chiso range<11 	6.9527e-310	6.9527e-310	2.71736e-322	1.89261	7.11622	0.618648	1.1884
50 <pt<65 	4<chiso range<12 	6.9527e-310	6.9527e-310	2.71736e-322	1.90425	7.11622	0.618649	1.1884
50 <pt<65 	4<chiso range<13 	6.9527e-310	6.9527e-310	2.71736e-322	1.89649	7.11622	0.618648	1.1884
50 <pt<65 	5<chiso range<10 	6.9527e-310	6.9527e-310	2.71736e-322	1.85226	7.11622	0.618647	1.1884
50 <pt<65 	5<chiso range<11 	6.9527e-310	6.9527e-310	2.71736e-322	1.82512	7.11622	0.618649	1.1884
50 <pt<65 	5<chiso range<12 	6.9527e-310	6.9527e-310	2.71736e-322	1.84753	7.11622	0.61865	1.1884
50 <pt<65 	5<chiso range<13 	6.9527e-310	6.9527e-310	2.71736e-322	1.84386	7.11622	0.618647	1.1884
50 <pt<65 	6<chiso range<11 	6.9527e-310	6.9527e-310	2.71736e-322	1.86547	7.11622	0.61865	1.1884
50 <pt<65 	6<chiso range<12 	6.9527e-310	6.9527e-310	2.71736e-322	1.88555	7.11622	0.618649	1.1884
50 <pt<65 	6<chiso range<13 	6.9527e-310	6.9527e-310	2.71736e-322	1.87721	7.11622	0.618649	1.1884
50 <pt<65 	7<chiso range<12 	6.9527e-310	6.9527e-310	2.71736e-322	1.86585	7.11622	0.618648	1.1884
50 <pt<65 	7<chiso range<13 	6.9527e-310	6.9527e-310	2.71736e-322	1.85853	7.11622	0.618648	1.1884
50 <pt<65 	8<chiso range<13 	6.9527e-310	6.9527e-310	2.71736e-322	1.87498	7.11622	0.618648	1.1884
#######################################################################################
65 <pt<400 	3<chiso range<8 	6.9527e-310	6.9527e-310	2.71736e-322	2.75551	11.7779	1.41804	2.89946
65 <pt<400 	3<chiso range<9 	6.9527e-310	6.9527e-310	2.71736e-322	2.99805	11.541	1.42202	2.78642
65 <pt<400 	3<chiso range<10 	6.9527e-310	6.9527e-310	2.71736e-322	2.79995	11.7341	1.41732	2.87651
65 <pt<400 	3<chiso range<11 	6.9527e-310	6.9527e-310	2.71736e-322	2.66233	11.8679	1.4157	2.94208
65 <pt<400 	3<chiso range<12 	6.9527e-310	6.9527e-310	2.71736e-322	2.67857	11.8519	1.41479	2.93278
65 <pt<400 	3<chiso range<13 	6.9527e-310	6.9527e-310	2.71736e-322	2.53429	11.9912	1.41046	2.99857
65 <pt<400 	4<chiso range<9 	6.9527e-310	6.9527e-310	2.71736e-322	2.68947	11.8412	1.41401	2.92638
65 <pt<400 	4<chiso range<10 	6.9527e-310	6.9527e-310	2.71736e-322	2.51807	12.0068	1.41037	3.00648
65 <pt<400 	4<chiso range<11 	6.9527e-310	6.9527e-310	2.71736e-322	2.41576	12.1048	1.40963	3.0563
65 <pt<400 	4<chiso range<12 	6.9527e-310	6.9527e-310	2.71736e-322	2.45337	12.069	1.40933	3.03728
65 <pt<400 	4<chiso range<13 	6.9527e-310	6.9527e-310	2.71736e-322	2.33335	12.1861	1.40579	3.09309
65 <pt<400 	5<chiso range<10 	6.9527e-310	6.9527e-310	2.71736e-322	2.30002	12.219	1.405	3.10887
65 <pt<400 	5<chiso range<11 	6.9527e-310	6.9527e-310	2.71736e-322	2.23367	12.3155	1.40618	3.14188
65 <pt<400 	5<chiso range<12 	6.9527e-310	6.9527e-310	2.71736e-322	2.28634	12.2317	1.40522	3.11578
65 <pt<400 	5<chiso range<13 	6.9527e-310	6.9527e-310	2.71736e-322	2.19102	12.3606	1.40358	3.16075
65 <pt<400 	6<chiso range<11 	6.9527e-310	6.9527e-310	2.71736e-322	2.1803	12.3673	1.4077	3.16994
65 <pt<400 	6<chiso range<12 	6.9527e-310	6.9527e-310	2.71736e-322	2.25558	12.293	1.40738	3.13237
65 <pt<400 	6<chiso range<13 	6.9527e-310	6.9527e-310	2.71736e-322	2.14896	12.4012	1.40387	3.18139
65 <pt<400 	7<chiso range<12 	6.9527e-310	6.9527e-310	2.71736e-322	2.26036	12.257	1.40496	3.12838
65 <pt<400 	7<chiso range<13 	6.9527e-310	6.9527e-310	2.71736e-322	2.13836	12.4136	1.40261	3.18585
65 <pt<400 	8<chiso range<13 	6.9527e-310	6.9527e-310	2.71736e-322	2.29244	12.2293	1.40362	3.11183
#######################################################################################
