pt range	chiso range	DataNumber	FakeNumber	TrueNumber	fitFake_number	fitTrue_number	closureFake_test	closureTrue_test
#######################################################################################
20 <pt<25 	3<chiso range<8 	69.4208	44.0031	25.3635	41.9351	27.1899	0.340497	0.172971
20 <pt<25 	3<chiso range<9 	69.4208	44.0031	25.3635	41.5934	27.5534	0.400341	0.208346
20 <pt<25 	3<chiso range<10 	69.4208	44.0031	25.3635	40.9798	28.1432	0.510026	0.266064
20 <pt<25 	3<chiso range<11 	69.4208	44.0031	25.3635	39.4967	29.5913	0.787491	0.409017
20 <pt<25 	3<chiso range<12 	69.4208	44.0031	25.3635	38.2232	30.851	1.04205	0.535648
20 <pt<25 	3<chiso range<13 	69.4208	44.0031	25.3635	37.6915	31.383	1.15441	0.590697
20 <pt<25 	4<chiso range<9 	69.4208	44.0031	25.3635	39.9422	29.2012	0.701019	0.369415
20 <pt<25 	4<chiso range<10 	69.4208	44.0031	25.3635	39.4299	29.6835	0.800381	0.418175
20 <pt<25 	4<chiso range<11 	69.4208	44.0031	25.3635	37.883	31.1967	1.11318	0.571054
20 <pt<25 	4<chiso range<12 	69.4208	44.0031	25.3635	36.5865	32.4833	1.39474	0.703412
20 <pt<25 	4<chiso range<13 	69.4208	44.0031	25.3635	36.1196	32.9477	1.50253	0.752954
20 <pt<25 	5<chiso range<10 	69.4208	44.0031	25.3635	37.7913	31.3438	1.13034	0.584476
20 <pt<25 	5<chiso range<11 	69.4208	44.0031	25.3635	36.1493	32.9526	1.49252	0.751158
20 <pt<25 	5<chiso range<12 	69.4208	44.0031	25.3635	34.7852	34.269	1.81931	0.890799
20 <pt<25 	5<chiso range<13 	69.4208	44.0031	25.3635	34.419	34.624	1.91324	0.930231
20 <pt<25 	6<chiso range<11 	69.4208	44.0031	25.3635	34.6501	34.3962	1.85257	0.904086
20 <pt<25 	6<chiso range<12 	69.4208	44.0031	25.3635	33.3035	35.7571	2.2025	1.05082
20 <pt<25 	6<chiso range<13 	69.4208	44.0031	25.3635	33.0502	35.988	2.27417	1.07779
20 <pt<25 	7<chiso range<12 	69.4208	44.0031	25.3635	32.97	36.073	2.29492	1.08621
20 <pt<25 	7<chiso range<13 	69.4208	44.0031	25.3635	32.7055	36.3158	2.37176	1.115
20 <pt<25 	8<chiso range<13 	69.4208	44.0031	25.3635	32.0448	36.9333	2.57006	1.18914
#######################################################################################
25 <pt<30 	3<chiso range<8 	39.8744	24.4435	15.3969	19.5688	20.0243	1.12299	0.601546
25 <pt<30 	3<chiso range<9 	39.8744	24.4435	15.3969	18.5684	21.0476	1.42401	0.746557
25 <pt<30 	3<chiso range<10 	39.8744	24.4435	15.3969	18.5662	21.0614	1.42524	0.748925
25 <pt<30 	3<chiso range<11 	39.8744	24.4435	15.3969	17.4478	22.1748	1.8016	0.911444
25 <pt<30 	3<chiso range<12 	39.8744	24.4435	15.3969	17.2357	22.3917	1.87593	0.942151
25 <pt<30 	3<chiso range<13 	39.8744	24.4435	15.3969	16.6489	22.9793	2.09682	1.02957
25 <pt<30 	4<chiso range<9 	39.8744	24.4435	15.3969	18.0365	21.5756	1.5935	0.820491
25 <pt<30 	4<chiso range<10 	39.8744	24.4435	15.3969	18.1244	21.4992	1.56536	0.810151
25 <pt<30 	4<chiso range<11 	39.8744	24.4435	15.3969	16.8855	22.7342	2.00601	0.992956
25 <pt<30 	4<chiso range<12 	39.8744	24.4435	15.3969	16.6916	22.937	2.07807	1.02191
25 <pt<30 	4<chiso range<13 	39.8744	24.4435	15.3969	16.074	23.5574	2.32639	1.11563
25 <pt<30 	5<chiso range<10 	39.8744	24.4435	15.3969	17.081	22.584	1.93548	0.972477
25 <pt<30 	5<chiso range<11 	39.8744	24.4435	15.3969	15.8049	23.845	2.44906	1.16458
25 <pt<30 	5<chiso range<12 	39.8744	24.4435	15.3969	15.6971	23.958	2.49175	1.17955
25 <pt<30 	5<chiso range<13 	39.8744	24.4435	15.3969	15.0998	24.5538	2.76239	1.27139
25 <pt<30 	6<chiso range<11 	39.8744	24.4435	15.3969	14.4665	25.2292	3.09651	1.38946
25 <pt<30 	6<chiso range<12 	39.8744	24.4435	15.3969	14.5088	25.1802	3.06548	1.37674
25 <pt<30 	6<chiso range<13 	39.8744	24.4435	15.3969	13.9587	25.7218	3.35561	1.46163
25 <pt<30 	7<chiso range<12 	39.8744	24.4435	15.3969	14.0513	25.6291	3.30616	1.44762
25 <pt<30 	7<chiso range<13 	39.8744	24.4435	15.3969	13.436	26.2712	3.65383	1.54791
25 <pt<30 	8<chiso range<13 	39.8744	24.4435	15.3969	13.1844	26.534	3.79525	1.5856
#######################################################################################
30 <pt<40 	3<chiso range<8 	37.6114	19.3233	18.2542	16.3272	21.0737	0.727311	0.381135
30 <pt<40 	3<chiso range<9 	37.6114	19.3233	18.2542	15.9266	21.4621	0.84495	0.436905
30 <pt<40 	3<chiso range<10 	37.6114	19.3233	18.2542	15.0892	22.3043	1.10893	0.559466
30 <pt<40 	3<chiso range<11 	37.6114	19.3233	18.2542	14.7142	22.6843	1.23578	0.615396
30 <pt<40 	3<chiso range<12 	37.6114	19.3233	18.2542	14.3132	23.0809	1.38119	0.675849
30 <pt<40 	3<chiso range<13 	37.6114	19.3233	18.2542	13.6613	23.7577	1.63432	0.779496
30 <pt<40 	4<chiso range<9 	37.6114	19.3233	18.2542	15.8954	21.4911	0.855382	0.441726
30 <pt<40 	4<chiso range<10 	37.6114	19.3233	18.2542	14.9253	22.4644	1.16509	0.583787
30 <pt<40 	4<chiso range<11 	37.6114	19.3233	18.2542	14.5179	22.8763	1.306	0.644607
30 <pt<40 	4<chiso range<12 	37.6114	19.3233	18.2542	14.0863	23.3027	1.46722	0.710109
30 <pt<40 	4<chiso range<13 	37.6114	19.3233	18.2542	13.3899	24.019	1.74751	0.820822
30 <pt<40 	5<chiso range<10 	37.6114	19.3233	18.2542	15.4972	21.9003	0.976734	0.5002
30 <pt<40 	5<chiso range<11 	37.6114	19.3233	18.2542	14.9135	22.4874	1.16666	0.585811
30 <pt<40 	5<chiso range<12 	37.6114	19.3233	18.2542	14.3503	23.0433	1.36765	0.670218
30 <pt<40 	5<chiso range<13 	37.6114	19.3233	18.2542	13.5064	23.908	1.69824	0.803157
30 <pt<40 	6<chiso range<11 	37.6114	19.3233	18.2542	13.9751	23.4602	1.50853	0.732653
30 <pt<40 	6<chiso range<12 	37.6114	19.3233	18.2542	13.4605	23.9523	1.71746	0.810158
30 <pt<40 	6<chiso range<13 	37.6114	19.3233	18.2542	12.6469	24.75	2.08002	0.937187
30 <pt<40 	7<chiso range<12 	37.6114	19.3233	18.2542	12.3966	25.021	2.19767	0.979428
30 <pt<40 	7<chiso range<13 	37.6114	19.3233	18.2542	11.6382	25.7553	2.59618	1.10051
30 <pt<40 	8<chiso range<13 	37.6114	19.3233	18.2542	10.912	26.4943	3.02879	1.22333
#######################################################################################
40 <pt<50 	3<chiso range<8 	17.3945	7.91432	9.4734	6.7536	10.6926	0.408363	0.248062
40 <pt<50 	3<chiso range<9 	17.3945	7.91432	9.4734	6.58479	10.8326	0.477872	0.277757
40 <pt<50 	3<chiso range<10 	17.3945	7.91432	9.4734	6.37847	11.0447	0.568629	0.323732
40 <pt<50 	3<chiso range<11 	17.3945	7.91432	9.4734	6.30044	11.1308	0.605797	0.343441
40 <pt<50 	3<chiso range<12 	17.3945	7.91432	9.4734	6.13211	11.2917	0.685555	0.378832
40 <pt<50 	3<chiso range<13 	17.3945	7.91432	9.4734	5.93633	11.4783	0.784783	0.421072
40 <pt<50 	4<chiso range<9 	17.3945	7.91432	9.4734	6.24434	11.1875	0.632286	0.35608
40 <pt<50 	4<chiso range<10 	17.3945	7.91432	9.4734	6.06708	11.3633	0.718027	0.395091
40 <pt<50 	4<chiso range<11 	17.3945	7.91432	9.4734	6.01366	11.4237	0.746865	0.409797
40 <pt<50 	4<chiso range<12 	17.3945	7.91432	9.4734	5.85522	11.5686	0.828792	0.442364
40 <pt<50 	4<chiso range<13 	17.3945	7.91432	9.4734	5.66897	11.7398	0.931777	0.48199
40 <pt<50 	5<chiso range<10 	17.3945	7.91432	9.4734	6.40045	11.0176	0.557691	0.317212
40 <pt<50 	5<chiso range<11 	17.3945	7.91432	9.4734	6.28993	11.1388	0.610237	0.344936
40 <pt<50 	5<chiso range<12 	17.3945	7.91432	9.4734	6.0635	11.3558	0.718935	0.39288
40 <pt<50 	5<chiso range<13 	17.3945	7.91432	9.4734	5.8164	11.5904	0.848076	0.446457
40 <pt<50 	6<chiso range<11 	17.3945	7.91432	9.4734	6.22348	11.203	0.641155	0.358914
40 <pt<50 	6<chiso range<12 	17.3945	7.91432	9.4734	5.95518	11.4592	0.773721	0.416058
40 <pt<50 	6<chiso range<13 	17.3945	7.91432	9.4734	5.67696	11.7212	0.925121	0.47655
40 <pt<50 	7<chiso range<12 	17.3945	7.91432	9.4734	5.32269	12.1073	1.14224	0.567916
40 <pt<50 	7<chiso range<13 	17.3945	7.91432	9.4734	5.13455	12.2842	1.26807	0.61013
40 <pt<50 	8<chiso range<13 	17.3945	7.91432	9.4734	5.09179	12.3136	1.296	0.616296
#######################################################################################
50 <pt<65 	3<chiso range<8 	11.6391	3.90315	7.73593	1.96617	7.03412	0.609462	0.118569
50 <pt<65 	3<chiso range<9 	11.6391	3.90315	7.73593	1.97275	7.03412	0.605367	0.118569
50 <pt<65 	3<chiso range<10 	11.6391	3.90315	7.73593	1.9396	7.03412	0.626288	0.118569
50 <pt<65 	3<chiso range<11 	11.6391	3.90315	7.73593	1.89648	7.03412	0.654592	0.118569
50 <pt<65 	3<chiso range<12 	11.6391	3.90315	7.73593	1.89709	7.03412	0.654183	0.118569
50 <pt<65 	3<chiso range<13 	11.6391	3.90315	7.73593	1.88807	7.03412	0.660264	0.118569
50 <pt<65 	4<chiso range<9 	11.6391	3.90315	7.73593	1.9904	7.03412	0.594515	0.118569
50 <pt<65 	4<chiso range<10 	11.6391	3.90315	7.73593	1.95037	7.03412	0.619413	0.118569
50 <pt<65 	4<chiso range<11 	11.6391	3.90315	7.73593	1.90067	7.03412	0.651785	0.118569
50 <pt<65 	4<chiso range<12 	11.6391	3.90315	7.73593	1.90093	7.03412	0.651614	0.118569
50 <pt<65 	4<chiso range<13 	11.6391	3.90315	7.73593	1.89072	7.03412	0.658472	0.118569
50 <pt<65 	5<chiso range<10 	11.6391	3.90315	7.73593	1.85377	7.03412	0.683929	0.118569
50 <pt<65 	5<chiso range<11 	11.6391	3.90315	7.73593	1.80956	7.03412	0.715752	0.118569
50 <pt<65 	5<chiso range<12 	11.6391	3.90315	7.73593	1.82068	7.03412	0.707603	0.118569
50 <pt<65 	5<chiso range<13 	11.6391	3.90315	7.73593	1.8163	7.03412	0.710799	0.118569
50 <pt<65 	6<chiso range<11 	11.6391	3.90315	7.73593	1.80834	7.03412	0.716652	0.118569
50 <pt<65 	6<chiso range<12 	11.6391	3.90315	7.73593	1.82145	7.03412	0.707042	0.118569
50 <pt<65 	6<chiso range<13 	11.6391	3.90315	7.73593	1.81635	7.03412	0.710765	0.118569
50 <pt<65 	7<chiso range<12 	11.6391	3.90315	7.73593	1.77875	7.03412	0.738863	0.118569
50 <pt<65 	7<chiso range<13 	11.6391	3.90315	7.73593	1.77824	7.03412	0.739256	0.118569
50 <pt<65 	8<chiso range<13 	11.6391	3.90315	7.73593	1.79142	7.03412	0.729264	0.118569
#######################################################################################
65 <pt<400 	3<chiso range<8 	14.921	3.29936	11.6148	2.58599	12.316	0.36582	0.170698
65 <pt<400 	3<chiso range<9 	14.921	3.29936	11.6148	2.80749	12.1023	0.232849	0.116373
65 <pt<400 	3<chiso range<10 	14.921	3.29936	11.6148	2.5967	12.3023	0.358643	0.167071
65 <pt<400 	3<chiso range<11 	14.921	3.29936	11.6148	2.45906	12.4329	0.452655	0.201267
65 <pt<400 	3<chiso range<12 	14.921	3.29936	11.6148	2.45386	12.4374	0.455965	0.202323
65 <pt<400 	3<chiso range<13 	14.921	3.29936	11.6148	2.34356	12.5767	0.538731	0.237977
65 <pt<400 	4<chiso range<9 	14.921	3.29936	11.6148	2.51957	12.3776	0.409223	0.18647
65 <pt<400 	4<chiso range<10 	14.921	3.29936	11.6148	2.33933	12.5825	0.541915	0.239514
65 <pt<400 	4<chiso range<11 	14.921	3.29936	11.6148	2.23489	12.6851	0.629131	0.267282
65 <pt<400 	4<chiso range<12 	14.921	3.29936	11.6148	2.2488	12.6712	0.61666	0.26338
65 <pt<400 	4<chiso range<13 	14.921	3.29936	11.6148	2.16527	12.7614	0.690731	0.28745
65 <pt<400 	5<chiso range<10 	14.921	3.29936	11.6148	2.22824	12.6923	0.633503	0.268865
65 <pt<400 	5<chiso range<11 	14.921	3.29936	11.6148	2.13842	12.786	0.716563	0.294387
65 <pt<400 	5<chiso range<12 	14.921	3.29936	11.6148	2.16302	12.7627	0.693025	0.287851
65 <pt<400 	5<chiso range<13 	14.921	3.29936	11.6148	2.06396	12.8583	0.787265	0.314153
65 <pt<400 	6<chiso range<11 	14.921	3.29936	11.6148	2.07469	12.8398	0.780378	0.310072
65 <pt<400 	6<chiso range<12 	14.921	3.29936	11.6148	2.11221	12.8035	0.742284	0.299756
65 <pt<400 	6<chiso range<13 	14.921	3.29936	11.6148	2.01873	12.8989	0.835342	0.325792
65 <pt<400 	7<chiso range<12 	14.921	3.29936	11.6148	2.07765	12.8432	0.775822	0.310319
65 <pt<400 	7<chiso range<13 	14.921	3.29936	11.6148	1.97727	12.9386	0.879751	0.336901
65 <pt<400 	8<chiso range<13 	14.921	3.29936	11.6148	2.06918	12.8529	0.781985	0.312664
#######################################################################################
