pt: 20 ~ 25
*	3	4	5	6	7	8
8	0.57
9	0.60	0.84
10	0.73	0.96	1.29
11	0.98	1.25	1.61	1.86
12	1.24	1.53	1.93	2.23	2.31
13	1.342	1.635	2.015	2.301	2.393	2.619
############################################################
pt: 25 ~ 50
*	3	4	5	6	7	8
8	1.46
9	1.72	1.94
10	1.99	2.23	2.21
11	2.32	2.60	2.66	3.20
12	2.52	2.81	2.90	3.44	4.13
13	2.849	3.175	3.317	3.891	4.616	5.083
############################################################
pt: 50 ~ 80
*	3	4	5	6	7	8
8	0.62
9	0.60	0.61
10	0.63	0.64	0.70
11	0.65	0.66	0.72	0.69
12	0.64	0.65	0.69	0.67	0.69
13	0.653	0.662	0.703	0.684	0.704	0.697
############################################################
pt: 80 ~ 400
*	3	4	5	6	7	8
8	0.51
9	0.34	0.59
10	0.36	0.58	0.11
11	0.45	0.66	0.13	0.15
12	0.48	0.68	0.13	0.15	0.13
13	0.557	0.746	0.146	0.165	0.150	0.105
############################################################
