pt: 20 ~ 25
*	3	4	5	6	7	8
8	0.04
9	0.04	0.30
10	0.65	0.47	0.37
11	0.55	0.37	0.27	1.19
12	0.70	0.55	0.49	1.39	1.89
13	1.037	0.952	0.978	1.951	2.580	3.262
############################################################
pt: 25 ~ 30
*	3	4	5	6	7	8
8	0.07
9	0.08	0.03
10	0.10	0.17	0.10
11	0.43	0.56	0.39	0.19
12	0.40	0.51	0.35	0.17	0.49
13	0.234	0.321	0.137	0.067	0.146	0.500
############################################################
pt: 30 ~ 35
*	3	4	5	6	7	8
8	0.17
9	0.15	0.08
10	0.27	0.24	0.39
11	0.27	0.23	0.37	0.14
12	0.43	0.42	0.58	0.40	1.54
13	0.638	0.668	0.884	0.743	1.983	2.406
############################################################
pt: 35 ~ 50
*	3	4	5	6	7	8
8	0.19
9	0.23	0.30
10	0.27	0.34	0.53
11	0.46	0.57	0.79	1.73
12	0.41	0.50	0.68	1.44	0.82
13	0.624	0.750	0.969	1.722	1.208	2.180
############################################################
pt: 50 ~ 60
*	3	4	5	6	7	8
8	1.14
9	0.96	0.79
10	1.12	1.00	0.71
11	1.26	1.17	0.93	0.42
12	1.05	0.94	0.71	0.28	0.64
13	0.721	0.607	0.365	0.016	0.200	0.317
############################################################
pt: 60 ~ 400
*	3	4	5	6	7	8
8	1.41
9	1.08	0.56
10	1.16	0.71	1.03
11	1.16	0.77	1.05	1.23
12	1.45	1.09	1.43	1.71	1.68
13	1.575	1.234	1.596	1.873	1.877	1.788
############################################################
