pt range	chiso range	DataNumber	FakeNumber	TrueNumber	fitFake_number	fitTrue_number	closureFake_test	closureTrue_test
#######################################################################################
20 <pt<25 	3<chiso range<8 	173.025	86.9995	41.3864	87.5401	45.074	0.0619421	0.262543
20 <pt<25 	3<chiso range<9 	173.025	86.9995	41.3864	83.7605	48.7492	0.386806	0.530408
20 <pt<25 	3<chiso range<10 	173.025	86.9995	41.3864	81.7553	50.7108	0.640943	0.676245
20 <pt<25 	3<chiso range<11 	173.025	86.9995	41.3864	80.0865	52.45	0.863066	0.809251
20 <pt<25 	3<chiso range<12 	173.025	86.9995	41.3864	78.6623	53.7977	1.05833	0.911088
20 <pt<25 	3<chiso range<13 	173.025	86.9995	41.3864	77.0511	55.3503	1.28779	1.02985
20 <pt<25 	4<chiso range<9 	173.025	86.9995	41.3864	84.1306	48.152	0.340098	0.483634
20 <pt<25 	4<chiso range<10 	173.025	86.9995	41.3864	81.6265	50.6481	0.655837	0.668319
20 <pt<25 	4<chiso range<11 	173.025	86.9995	41.3864	79.6702	52.6995	0.917546	0.824997
20 <pt<25 	4<chiso range<12 	173.025	86.9995	41.3864	78.0403	54.2689	1.14365	0.94389
20 <pt<25 	4<chiso range<13 	173.025	86.9995	41.3864	76.2321	56.0319	1.40562	1.07923
20 <pt<25 	5<chiso range<10 	173.025	86.9995	41.3864	78.4987	53.8045	1.07879	0.908068
20 <pt<25 	5<chiso range<11 	173.025	86.9995	41.3864	76.6346	55.7783	1.34913	1.06349
20 <pt<25 	5<chiso range<12 	173.025	86.9995	41.3864	75.1028	57.2345	1.57789	1.17554
20 <pt<25 	5<chiso range<13 	173.025	86.9995	41.3864	73.3324	58.947	1.8543	1.30933
20 <pt<25 	6<chiso range<11 	173.025	86.9995	41.3864	73.0901	59.2863	1.89623	1.33967
20 <pt<25 	6<chiso range<12 	173.025	86.9995	41.3864	71.7834	60.5113	2.10905	1.43516
20 <pt<25 	6<chiso range<13 	173.025	86.9995	41.3864	70.1259	62.1091	2.39127	1.56221
20 <pt<25 	7<chiso range<12 	173.025	86.9995	41.3864	68.6223	63.6046	2.66066	1.68424
20 <pt<25 	7<chiso range<13 	173.025	86.9995	41.3864	67.1072	65.0636	2.94146	1.80188
20 <pt<25 	8<chiso range<13 	173.025	86.9995	41.3864	64.111	68.0563	3.5419	2.05265
#######################################################################################
25 <pt<30 	3<chiso range<8 	96.5312	44.0723	26.3657	36.1281	36.6692	1.43808	1.0322
25 <pt<30 	3<chiso range<9 	96.5312	44.0723	26.3657	35.4004	37.4285	1.6028	1.11617
25 <pt<30 	3<chiso range<10 	96.5312	44.0723	26.3657	35.3185	37.5531	1.62343	1.13163
25 <pt<30 	3<chiso range<11 	96.5312	44.0723	26.3657	35.1052	37.7714	1.67313	1.15586
25 <pt<30 	3<chiso range<12 	96.5312	44.0723	26.3657	35.232	37.6512	1.64391	1.1429
25 <pt<30 	3<chiso range<13 	96.5312	44.0723	26.3657	34.3354	38.5453	1.85696	1.24179
25 <pt<30 	4<chiso range<9 	96.5312	44.0723	26.3657	35.6034	37.234	1.55689	1.09527
25 <pt<30 	4<chiso range<10 	96.5312	44.0723	26.3657	35.4763	37.4124	1.58792	1.1169
25 <pt<30 	4<chiso range<11 	96.5312	44.0723	26.3657	35.2058	37.6869	1.65041	1.14724
25 <pt<30 	4<chiso range<12 	96.5312	44.0723	26.3657	35.3431	37.5559	1.61891	1.13308
25 <pt<30 	4<chiso range<13 	96.5312	44.0723	26.3657	34.3046	38.5897	1.86515	1.24737
25 <pt<30 	5<chiso range<10 	96.5312	44.0723	26.3657	34.9994	37.9745	1.7021	1.18243
25 <pt<30 	5<chiso range<11 	96.5312	44.0723	26.3657	34.7434	38.2229	1.76246	1.20969
25 <pt<30 	5<chiso range<12 	96.5312	44.0723	26.3657	34.9579	38.0077	1.71152	1.18575
25 <pt<30 	5<chiso range<13 	96.5312	44.0723	26.3657	33.8025	39.1486	1.99257	1.31261
25 <pt<30 	6<chiso range<11 	96.5312	44.0723	26.3657	33.1781	39.6704	2.14723	1.36655
25 <pt<30 	6<chiso range<12 	96.5312	44.0723	26.3657	33.6439	39.2187	2.02813	1.31633
25 <pt<30 	6<chiso range<13 	96.5312	44.0723	26.3657	32.4831	40.3775	2.33311	1.44747
25 <pt<30 	7<chiso range<12 	96.5312	44.0723	26.3657	33.3723	39.5072	2.09853	1.34962
25 <pt<30 	7<chiso range<13 	96.5312	44.0723	26.3657	32.0311	40.8431	2.45871	1.50147
25 <pt<30 	8<chiso range<13 	96.5312	44.0723	26.3657	32.0382	40.9608	2.46447	1.52154
#######################################################################################
30 <pt<40 	3<chiso range<8 	91.5874	35.6163	29.4617	35.5889	30.9403	0.00436679	0.147149
30 <pt<40 	3<chiso range<9 	91.5874	35.6163	29.4617	34.1317	32.459	0.246973	0.30373
30 <pt<40 	3<chiso range<10 	91.5874	35.6163	29.4617	33.1539	33.4235	0.421249	0.405063
30 <pt<40 	3<chiso range<11 	91.5874	35.6163	29.4617	32.6855	33.9305	0.509103	0.460012
30 <pt<40 	3<chiso range<12 	91.5874	35.6163	29.4617	31.3488	35.2047	0.770582	0.596831
30 <pt<40 	3<chiso range<13 	91.5874	35.6163	29.4617	31.2335	35.3176	0.794207	0.609168
30 <pt<40 	4<chiso range<9 	91.5874	35.6163	29.4617	33.2086	33.312	0.410365	0.392127
30 <pt<40 	4<chiso range<10 	91.5874	35.6163	29.4617	32.1978	34.319	0.600481	0.499537
30 <pt<40 	4<chiso range<11 	91.5874	35.6163	29.4617	31.7775	34.7869	0.684257	0.551447
30 <pt<40 	4<chiso range<12 	91.5874	35.6163	29.4617	30.352	36.1526	0.979465	0.700104
30 <pt<40 	4<chiso range<13 	91.5874	35.6163	29.4617	30.3163	36.1901	0.987329	0.704356
30 <pt<40 	5<chiso range<10 	91.5874	35.6163	29.4617	32.3516	34.1879	0.571281	0.485978
30 <pt<40 	5<chiso range<11 	91.5874	35.6163	29.4617	31.8321	34.7626	0.674126	0.549589
30 <pt<40 	5<chiso range<12 	91.5874	35.6163	29.4617	30.1823	36.3365	1.0172	0.721137
30 <pt<40 	5<chiso range<13 	91.5874	35.6163	29.4617	30.1599	36.3595	1.02217	0.723742
30 <pt<40 	6<chiso range<11 	91.5874	35.6163	29.4617	30.5614	36.0862	0.939052	0.697391
30 <pt<40 	6<chiso range<12 	91.5874	35.6163	29.4617	28.8011	37.7416	1.33728	0.881337
30 <pt<40 	6<chiso range<13 	91.5874	35.6163	29.4617	28.948	37.5924	1.3018	0.864145
30 <pt<40 	7<chiso range<12 	91.5874	35.6163	29.4617	26.7854	39.7954	1.864	1.12305
30 <pt<40 	7<chiso range<13 	91.5874	35.6163	29.4617	27.2585	39.3141	1.73347	1.06571
30 <pt<40 	8<chiso range<13 	91.5874	35.6163	29.4617	26.2843	40.2803	2.00576	1.18013
#######################################################################################
40 <pt<50 	3<chiso range<8 	41.709	14.1716	16.2197	12.5978	18.4381	0.424164	0.338411
40 <pt<50 	3<chiso range<9 	41.709	14.1716	16.2197	12.3361	18.6852	0.504394	0.37797
40 <pt<50 	3<chiso range<10 	41.709	14.1716	16.2197	12.3076	18.7177	0.513739	0.383563
40 <pt<50 	3<chiso range<11 	41.709	14.1716	16.2197	12.2641	18.7723	0.528426	0.393208
40 <pt<50 	3<chiso range<12 	41.709	14.1716	16.2197	12.0353	18.9998	0.603115	0.430893
40 <pt<50 	3<chiso range<13 	41.709	14.1716	16.2197	11.6536	19.3627	0.732552	0.490606
40 <pt<50 	4<chiso range<9 	41.709	14.1716	16.2197	12.0581	18.9603	0.594196	0.423265
40 <pt<50 	4<chiso range<10 	41.709	14.1716	16.2197	12.0702	18.9536	0.590643	0.422505
40 <pt<50 	4<chiso range<11 	41.709	14.1716	16.2197	12.0523	18.985	0.597631	0.428559
40 <pt<50 	4<chiso range<12 	41.709	14.1716	16.2197	11.8195	19.2172	0.676402	0.467421
40 <pt<50 	4<chiso range<13 	41.709	14.1716	16.2197	11.4228	19.5936	0.815917	0.529819
40 <pt<50 	5<chiso range<10 	41.709	14.1716	16.2197	12.1084	18.9081	0.577442	0.414468
40 <pt<50 	5<chiso range<11 	41.709	14.1716	16.2197	12.0821	18.9507	0.587413	0.422571
40 <pt<50 	5<chiso range<12 	41.709	14.1716	16.2197	11.8052	19.2272	0.680971	0.468827
40 <pt<50 	5<chiso range<13 	41.709	14.1716	16.2197	11.3496	19.6607	0.84237	0.540814
40 <pt<50 	6<chiso range<11 	41.709	14.1716	16.2197	11.973	19.0717	0.624703	0.443472
40 <pt<50 	6<chiso range<12 	41.709	14.1716	16.2197	11.6622	19.3814	0.732013	0.49559
40 <pt<50 	6<chiso range<13 	41.709	14.1716	16.2197	11.1597	19.8561	0.915007	0.574779
40 <pt<50 	7<chiso range<12 	41.709	14.1716	16.2197	11.228	19.8134	0.891603	0.569302
40 <pt<50 	7<chiso range<13 	41.709	14.1716	16.2197	10.6988	20.3005	1.09947	0.651847
40 <pt<50 	8<chiso range<13 	41.709	14.1716	16.2197	10.6213	20.3774	1.13165	0.664946
#######################################################################################
50 <pt<65 	3<chiso range<8 	28.3123	9.32834	12.7835	7.59352	14.6276	0.580316	0.342379
50 <pt<65 	3<chiso range<9 	28.3123	9.32834	12.7835	7.54304	14.6989	0.601516	0.356381
50 <pt<65 	3<chiso range<10 	28.3123	9.32834	12.7835	7.66803	14.5633	0.550747	0.329941
50 <pt<65 	3<chiso range<11 	28.3123	9.32834	12.7835	7.63645	14.5759	0.561924	0.331539
50 <pt<65 	3<chiso range<12 	28.3123	9.32834	12.7835	7.58929	14.6207	0.581037	0.34042
50 <pt<65 	3<chiso range<13 	28.3123	9.32834	12.7835	7.28649	14.9363	0.709227	0.402724
50 <pt<65 	4<chiso range<9 	28.3123	9.32834	12.7835	7.42989	14.8042	0.648267	0.376923
50 <pt<65 	4<chiso range<10 	28.3123	9.32834	12.7835	7.58805	14.6328	0.582549	0.343416
50 <pt<65 	4<chiso range<11 	28.3123	9.32834	12.7835	7.56259	14.6393	0.591311	0.343741
50 <pt<65 	4<chiso range<12 	28.3123	9.32834	12.7835	7.51832	14.6819	0.609644	0.352265
50 <pt<65 	4<chiso range<13 	28.3123	9.32834	12.7835	7.19365	15.0238	0.750043	0.419998
50 <pt<65 	5<chiso range<10 	28.3123	9.32834	12.7835	7.80967	14.4312	0.495244	0.304072
50 <pt<65 	5<chiso range<11 	28.3123	9.32834	12.7835	7.74416	14.47	0.518878	0.310532
50 <pt<65 	5<chiso range<12 	28.3123	9.32834	12.7835	7.66983	14.5416	0.548315	0.324632
50 <pt<65 	5<chiso range<13 	28.3123	9.32834	12.7835	7.27554	14.9443	0.713727	0.404145
50 <pt<65 	6<chiso range<11 	28.3123	9.32834	12.7835	7.38703	14.7999	0.661513	0.373251
50 <pt<65 	6<chiso range<12 	28.3123	9.32834	12.7835	7.35944	14.8325	0.673932	0.380048
50 <pt<65 	6<chiso range<13 	28.3123	9.32834	12.7835	6.94517	15.2499	0.862842	0.464217
50 <pt<65 	7<chiso range<12 	28.3123	9.32834	12.7835	7.46138	14.753	0.633014	0.365635
50 <pt<65 	7<chiso range<13 	28.3123	9.32834	12.7835	6.94337	15.2698	0.866417	0.469671
50 <pt<65 	8<chiso range<13 	28.3123	9.32834	12.7835	6.91969	15.2902	0.87742	0.473598
#######################################################################################
65 <pt<400 	3<chiso range<8 	29.6942	6.20357	18.3023	5.22988	19.5376	0.348183	0.224612
65 <pt<400 	3<chiso range<9 	29.6942	6.20357	18.3023	5.05623	19.6991	0.423224	0.255596
65 <pt<400 	3<chiso range<10 	29.6942	6.20357	18.3023	5.14309	19.6237	0.385574	0.241291
65 <pt<400 	3<chiso range<11 	29.6942	6.20357	18.3023	5.1059	19.6603	0.401959	0.248411
65 <pt<400 	3<chiso range<12 	29.6942	6.20357	18.3023	5.44921	19.3377	0.260032	0.186921
65 <pt<400 	3<chiso range<13 	29.6942	6.20357	18.3023	5.46022	19.3346	0.256154	0.186543
65 <pt<400 	4<chiso range<9 	29.6942	6.20357	18.3023	5.11829	19.6344	0.395208	0.24286
65 <pt<400 	4<chiso range<10 	29.6942	6.20357	18.3023	5.21453	19.5523	0.35466	0.227431
65 <pt<400 	4<chiso range<11 	29.6942	6.20357	18.3023	5.15815	19.608	0.378928	0.238212
65 <pt<400 	4<chiso range<12 	29.6942	6.20357	18.3023	5.55588	19.2341	0.21914	0.167423
65 <pt<400 	4<chiso range<13 	29.6942	6.20357	18.3023	5.55408	19.2447	0.22023	0.169632
65 <pt<400 	5<chiso range<10 	29.6942	6.20357	18.3023	5.09225	19.69	0.409528	0.254814
65 <pt<400 	5<chiso range<11 	29.6942	6.20357	18.3023	5.05114	19.7269	0.427756	0.261921
65 <pt<400 	5<chiso range<12 	29.6942	6.20357	18.3023	5.51566	19.2922	0.235324	0.178835
65 <pt<400 	5<chiso range<13 	29.6942	6.20357	18.3023	5.51792	19.2981	0.234851	0.180158
65 <pt<400 	6<chiso range<11 	29.6942	6.20357	18.3023	5.15917	19.6221	0.379769	0.241484
65 <pt<400 	6<chiso range<12 	29.6942	6.20357	18.3023	5.69826	19.1173	0.167624	0.146126
65 <pt<400 	6<chiso range<13 	29.6942	6.20357	18.3023	5.66855	19.1555	0.178708	0.153444
65 <pt<400 	7<chiso range<12 	29.6942	6.20357	18.3023	5.86146	18.971	0.110736	0.119316
65 <pt<400 	7<chiso range<13 	29.6942	6.20357	18.3023	5.79157	19.0481	0.135143	0.133711
65 <pt<400 	8<chiso range<13 	29.6942	6.20357	18.3023	5.68649	19.1407	0.172285	0.150739
#######################################################################################
