pt: 20 ~ 25
*	3	4	5	6	7	8
8	0.06
9	0.39	0.34
10	0.64	0.66	1.08
11	0.86	0.92	1.35	1.90
12	1.06	1.14	1.58	2.11	2.66
13	1.288	1.406	1.854	2.391	2.941	3.542
############################################################
pt: 25 ~ 30
*	3	4	5	6	7	8
8	1.44
9	1.60	1.56
10	1.62	1.59	1.70
11	1.67	1.65	1.76	2.15
12	1.64	1.62	1.71	2.03	2.10
13	1.857	1.865	1.993	2.333	2.459	2.464
############################################################
pt: 30 ~ 40
*	3	4	5	6	7	8
8	0.00
9	0.25	0.41
10	0.42	0.60	0.57
11	0.51	0.68	0.67	0.94
12	0.77	0.98	1.02	1.34	1.86
13	0.794	0.987	1.022	1.302	1.733	2.006
############################################################
pt: 40 ~ 50
*	3	4	5	6	7	8
8	0.42
9	0.50	0.59
10	0.51	0.59	0.58
11	0.53	0.60	0.59	0.62
12	0.60	0.68	0.68	0.73	0.89
13	0.733	0.816	0.842	0.915	1.099	1.132
############################################################
pt: 50 ~ 65
*	3	4	5	6	7	8
8	0.58
9	0.60	0.65
10	0.55	0.58	0.50
11	0.56	0.59	0.52	0.66
12	0.58	0.61	0.55	0.67	0.63
13	0.709	0.750	0.714	0.863	0.866	0.877
############################################################
pt: 65 ~ 400
*	3	4	5	6	7	8
8	0.35
9	0.42	0.40
10	0.39	0.35	0.41
11	0.40	0.38	0.43	0.38
12	0.26	0.22	0.24	0.17	0.11
13	0.256	0.220	0.235	0.179	0.135	0.172
############################################################
