pt range	chiso range	DataNumber	FakeNumber	TrueNumber	fitFake_number	fitTrue_number	closureFake_test	closureTrue_test
#######################################################################################
20 <pt<25 	3<chiso range<8 	351.391	94.6897	256.679	102.461	101.165	0.932909	9.1155
20 <pt<25 	3<chiso range<9 	351.391	94.6897	256.679	105.416	98.4927	1.24995	9.18438
20 <pt<25 	3<chiso range<10 	351.391	94.6897	256.679	107.553	96.1352	1.47021	9.26745
20 <pt<25 	3<chiso range<11 	351.391	94.6897	256.679	108.338	95.2882	1.54929	9.29928
20 <pt<25 	3<chiso range<12 	351.391	94.6897	256.679	106.452	96.85	1.36014	9.26368
20 <pt<25 	3<chiso range<13 	351.391	94.6897	256.679	104.616	98.7695	1.16703	9.19233
20 <pt<25 	4<chiso range<9 	351.391	94.6897	256.679	96.5685	107.301	0.239346	8.91197
20 <pt<25 	4<chiso range<10 	351.391	94.6897	256.679	100.263	103.31	0.684213	9.05425
20 <pt<25 	4<chiso range<11 	351.391	94.6897	256.679	101.925	101.592	0.874074	9.11569
20 <pt<25 	4<chiso range<12 	351.391	94.6897	256.679	100.454	102.671	0.70713	9.09042
20 <pt<25 	4<chiso range<13 	351.391	94.6897	256.679	98.9893	104.223	0.534683	9.0247
20 <pt<25 	5<chiso range<10 	351.391	94.6897	256.679	100.162	103.629	0.672193	9.03787
20 <pt<25 	5<chiso range<11 	351.391	94.6897	256.679	102.172	101.524	0.90144	9.11374
20 <pt<25 	5<chiso range<12 	351.391	94.6897	256.679	100.423	102.772	0.703381	9.08402
20 <pt<25 	5<chiso range<13 	351.391	94.6897	256.679	98.7314	104.555	0.503725	9.00846
20 <pt<25 	6<chiso range<11 	351.391	94.6897	256.679	99.5246	104.259	0.600957	9.0869
20 <pt<25 	6<chiso range<12 	351.391	94.6897	256.679	97.919	105.06	0.407676	9.05021
20 <pt<25 	6<chiso range<13 	351.391	94.6897	256.679	96.3209	106.697	0.20885	8.964
20 <pt<25 	7<chiso range<12 	351.391	94.6897	256.679	105.457	97.9662	1.256	9.21966
20 <pt<25 	7<chiso range<13 	351.391	94.6897	256.679	102.085	101.532	0.890039	9.08887
20 <pt<25 	8<chiso range<13 	351.391	94.6897	256.679	107.359	96.0705	1.45267	9.28818
#######################################################################################
25 <pt<30 	3<chiso range<8 	183.885	39.5935	144.283	47.9601	57.4787	1.39362	7.14921
25 <pt<30 	3<chiso range<9 	183.885	39.5935	144.283	50.316	55.2488	1.70035	7.22328
25 <pt<30 	3<chiso range<10 	183.885	39.5935	144.283	49.0968	56.4512	1.54487	7.18049
25 <pt<30 	3<chiso range<11 	183.885	39.5935	144.283	50.4955	55.0622	1.72285	7.23127
25 <pt<30 	3<chiso range<12 	183.885	39.5935	144.283	51.9958	53.7849	1.89796	7.24965
25 <pt<30 	3<chiso range<13 	183.885	39.5935	144.283	50.5573	55.2728	1.72398	7.18688
25 <pt<30 	4<chiso range<9 	183.885	39.5935	144.283	47.0704	58.244	1.2714	7.13661
25 <pt<30 	4<chiso range<10 	183.885	39.5935	144.283	46.1846	59.1193	1.14187	7.09727
25 <pt<30 	4<chiso range<11 	183.885	39.5935	144.283	48.0455	57.2988	1.40707	7.16804
25 <pt<30 	4<chiso range<12 	183.885	39.5935	144.283	49.8804	55.8084	1.64524	7.20067
25 <pt<30 	4<chiso range<13 	183.885	39.5935	144.283	48.5114	57.2133	1.46445	7.133
25 <pt<30 	5<chiso range<10 	183.885	39.5935	144.283	46.5328	58.8021	1.19269	7.10641
25 <pt<30 	5<chiso range<11 	183.885	39.5935	144.283	48.7539	56.6236	1.5022	7.19044
25 <pt<30 	5<chiso range<12 	183.885	39.5935	144.283	50.8689	54.9203	1.76655	7.22421
25 <pt<30 	5<chiso range<13 	183.885	39.5935	144.283	49.1511	56.6689	1.54728	7.14313
25 <pt<30 	6<chiso range<11 	183.885	39.5935	144.283	49.4883	56.0622	1.59503	7.19084
25 <pt<30 	6<chiso range<12 	183.885	39.5935	144.283	51.9508	54.117	1.8903	7.22536
25 <pt<30 	6<chiso range<13 	183.885	39.5935	144.283	49.7597	56.3038	1.62098	7.12954
25 <pt<30 	7<chiso range<12 	183.885	39.5935	144.283	54.7975	51.9499	2.19051	7.23534
25 <pt<30 	7<chiso range<13 	183.885	39.5935	144.283	51.6861	54.9206	1.84505	7.12255
25 <pt<30 	8<chiso range<13 	183.885	39.5935	144.283	54.0781	52.4439	2.11298	7.21132
#######################################################################################
30 <pt<40 	3<chiso range<8 	194.455	34.2185	160.233	35.0496	78.0024	0.145241	6.68541
30 <pt<40 	3<chiso range<9 	194.455	34.2185	160.233	36.0239	77.0889	0.306729	6.70874
30 <pt<40 	3<chiso range<10 	194.455	34.2185	160.233	34.8435	78.0866	0.110091	6.69593
30 <pt<40 	3<chiso range<11 	194.455	34.2185	160.233	36.0768	77.0764	0.315015	6.70412
30 <pt<40 	3<chiso range<12 	194.455	34.2185	160.233	35.9308	77.1255	0.292051	6.71635
30 <pt<40 	3<chiso range<13 	194.455	34.2185	160.233	35.4281	77.7529	0.20872	6.68039
30 <pt<40 	4<chiso range<9 	194.455	34.2185	160.233	34.7112	78.2869	0.0870163	6.682
30 <pt<40 	4<chiso range<10 	194.455	34.2185	160.233	33.595	79.2667	0.11409	6.66225
30 <pt<40 	4<chiso range<11 	194.455	34.2185	160.233	35.1069	77.9662	0.154948	6.68428
30 <pt<40 	4<chiso range<12 	194.455	34.2185	160.233	35.0439	77.9302	0.144534	6.69978
30 <pt<40 	4<chiso range<13 	194.455	34.2185	160.233	34.5614	78.5497	0.0607007	6.66079
30 <pt<40 	5<chiso range<10 	194.455	34.2185	160.233	31.3194	81.6402	0.568096	6.56181
30 <pt<40 	5<chiso range<11 	194.455	34.2185	160.233	33.3317	79.8948	0.162519	6.59911
30 <pt<40 	5<chiso range<12 	194.455	34.2185	160.233	33.481	79.6115	0.134942	6.6276
30 <pt<40 	5<chiso range<13 	194.455	34.2185	160.233	33.1076	80.1575	0.204901	6.58749
30 <pt<40 	6<chiso range<11 	194.455	34.2185	160.233	32.0425	81.2819	0.414391	6.54067
30 <pt<40 	6<chiso range<12 	194.455	34.2185	160.233	32.4043	80.7475	0.342882	6.58358
30 <pt<40 	6<chiso range<13 	194.455	34.2185	160.233	32.1002	81.2474	0.402625	6.5412
30 <pt<40 	7<chiso range<12 	194.455	34.2185	160.233	35.0462	78.4208	0.143946	6.64017
30 <pt<40 	7<chiso range<13 	194.455	34.2185	160.233	34.2836	79.4249	0.0115231	6.57431
30 <pt<40 	8<chiso range<13 	194.455	34.2185	160.233	35.9086	77.4511	0.286972	6.67241
#######################################################################################
40 <pt<50 	3<chiso range<8 	87.718	14.0178	73.7001	16.6542	40.6105	0.681189	3.84216
40 <pt<50 	3<chiso range<9 	87.718	14.0178	73.7001	16.3547	40.8898	0.615387	3.82714
40 <pt<50 	3<chiso range<10 	87.718	14.0178	73.7001	16.4313	40.8881	0.630316	3.81436
40 <pt<50 	3<chiso range<11 	87.718	14.0178	73.7001	15.671	41.5924	0.453817	3.77627
40 <pt<50 	3<chiso range<12 	87.718	14.0178	73.7001	16.0357	41.289	0.5401	3.78873
40 <pt<50 	3<chiso range<13 	87.718	14.0178	73.7001	16.3132	40.9627	0.605685	3.82054
40 <pt<50 	4<chiso range<9 	87.718	14.0178	73.7001	16.2028	41.1688	0.57732	3.78769
40 <pt<50 	4<chiso range<10 	87.718	14.0178	73.7001	16.3023	41.1518	0.597875	3.77682
40 <pt<50 	4<chiso range<11 	87.718	14.0178	73.7001	15.4674	41.8913	0.401401	3.74083
40 <pt<50 	4<chiso range<12 	87.718	14.0178	73.7001	15.8996	41.5175	0.505738	3.75812
40 <pt<50 	4<chiso range<13 	87.718	14.0178	73.7001	16.225	41.1211	0.583334	3.79655
40 <pt<50 	5<chiso range<10 	87.718	14.0178	73.7001	16.1106	41.2961	0.55527	3.77398
40 <pt<50 	5<chiso range<11 	87.718	14.0178	73.7001	15.1636	42.146	0.324298	3.73016
40 <pt<50 	5<chiso range<12 	87.718	14.0178	73.7001	15.7002	41.6819	0.45862	3.75258
40 <pt<50 	5<chiso range<13 	87.718	14.0178	73.7001	16.0727	41.2372	0.549303	3.7958
40 <pt<50 	6<chiso range<11 	87.718	14.0178	73.7001	15.9921	41.2761	0.530779	3.79557
40 <pt<50 	6<chiso range<12 	87.718	14.0178	73.7001	16.5105	40.8492	0.646724	3.81054
40 <pt<50 	6<chiso range<13 	87.718	14.0178	73.7001	16.9176	40.3572	0.737562	3.85817
40 <pt<50 	7<chiso range<12 	87.718	14.0178	73.7001	15.0535	42.3629	0.294091	3.70157
40 <pt<50 	7<chiso range<13 	87.718	14.0178	73.7001	15.6159	41.705	0.439969	3.7665
40 <pt<50 	8<chiso range<13 	87.718	14.0178	73.7001	15.8601	41.4424	0.500329	3.79085
#######################################################################################
50 <pt<65 	3<chiso range<8 	63.9335	8.33178	55.6017	8.14558	35.6549	0.0672061	2.74218
50 <pt<65 	3<chiso range<9 	63.9335	8.33178	55.6017	7.08476	36.7243	0.515901	2.64969
50 <pt<65 	3<chiso range<10 	63.9335	8.33178	55.6017	7.0676	36.7169	0.525542	2.65438
50 <pt<65 	3<chiso range<11 	63.9335	8.33178	55.6017	6.55039	37.294	0.793044	2.59236
50 <pt<65 	3<chiso range<12 	63.9335	8.33178	55.6017	6.18752	37.6956	1.00531	2.5489
50 <pt<65 	3<chiso range<13 	63.9335	8.33178	55.6017	5.98329	38.003	1.13448	2.5063
50 <pt<65 	4<chiso range<9 	63.9335	8.33178	55.6017	6.44015	37.4493	0.852654	2.57168
50 <pt<65 	4<chiso range<10 	63.9335	8.33178	55.6017	6.50539	37.3413	0.818616	2.58805
50 <pt<65 	4<chiso range<11 	63.9335	8.33178	55.6017	6.02585	37.9493	1.10733	2.5131
50 <pt<65 	4<chiso range<12 	63.9335	8.33178	55.6017	5.6891	38.3395	1.33724	2.46804
50 <pt<65 	4<chiso range<13 	63.9335	8.33178	55.6017	5.5014	38.5687	1.47534	2.44019
50 <pt<65 	5<chiso range<10 	63.9335	8.33178	55.6017	6.96969	36.7785	0.575795	2.65373
50 <pt<65 	5<chiso range<11 	63.9335	8.33178	55.6017	6.26919	37.5672	0.958796	2.56725
50 <pt<65 	5<chiso range<12 	63.9335	8.33178	55.6017	5.83644	38.1295	1.23768	2.49623
50 <pt<65 	5<chiso range<13 	63.9335	8.33178	55.6017	5.59987	38.4189	1.4053	2.46104
50 <pt<65 	6<chiso range<11 	63.9335	8.33178	55.6017	5.75171	38.1995	1.30028	2.49121
50 <pt<65 	6<chiso range<12 	63.9335	8.33178	55.6017	5.31395	38.7186	1.63349	2.42905
50 <pt<65 	6<chiso range<13 	63.9335	8.33178	55.6017	5.10271	38.9878	1.81042	2.39479
50 <pt<65 	7<chiso range<12 	63.9335	8.33178	55.6017	4.9148	39.131	1.99812	2.38533
50 <pt<65 	7<chiso range<13 	63.9335	8.33178	55.6017	4.73967	39.3695	2.16525	2.35315
50 <pt<65 	8<chiso range<13 	63.9335	8.33178	55.6017	3.79474	40.4146	3.38272	2.22805
#######################################################################################
65 <pt<100 	3<chiso range<8 	46.0634	5.19989	40.8635	5.53765	30.666	0.162904	1.59925
65 <pt<100 	3<chiso range<9 	46.0634	5.19989	40.8635	5.69279	30.5477	0.230201	1.60858
65 <pt<100 	3<chiso range<10 	46.0634	5.19989	40.8635	5.30125	31.0785	0.0499655	1.53064
65 <pt<100 	3<chiso range<11 	46.0634	5.19989	40.8635	5.08006	31.3744	0.0614812	1.48756
65 <pt<100 	3<chiso range<12 	46.0634	5.19989	40.8635	4.98532	31.3915	0.113091	1.49213
65 <pt<100 	3<chiso range<13 	46.0634	5.19989	40.8635	4.77936	31.5676	0.231875	1.47234
65 <pt<100 	4<chiso range<9 	46.0634	5.19989	40.8635	5.43038	30.8403	0.112351	1.57032
65 <pt<100 	4<chiso range<10 	46.0634	5.19989	40.8635	5.02897	31.4701	0.0881385	1.47161
65 <pt<100 	4<chiso range<11 	46.0634	5.19989	40.8635	4.80292	31.7173	0.213803	1.43887
65 <pt<100 	4<chiso range<12 	46.0634	5.19989	40.8635	4.73047	31.6884	0.259453	1.45081
65 <pt<100 	4<chiso range<13 	46.0634	5.19989	40.8635	4.53082	31.8489	0.387673	1.43339
65 <pt<100 	5<chiso range<10 	46.0634	5.19989	40.8635	4.72093	31.9634	0.257905	1.39484
65 <pt<100 	5<chiso range<11 	46.0634	5.19989	40.8635	4.50232	32.1825	0.393747	1.367
65 <pt<100 	5<chiso range<12 	46.0634	5.19989	40.8635	4.4719	32.051	0.420772	1.3959
65 <pt<100 	5<chiso range<13 	46.0634	5.19989	40.8635	4.28115	32.133	0.558406	1.39371
65 <pt<100 	6<chiso range<11 	46.0634	5.19989	40.8635	4.29258	32.3963	0.53464	1.34013
65 <pt<100 	6<chiso range<12 	46.0634	5.19989	40.8635	4.29009	32.1959	0.547752	1.38035
65 <pt<100 	6<chiso range<13 	46.0634	5.19989	40.8635	4.10421	32.3492	0.694929	1.3618
65 <pt<100 	7<chiso range<12 	46.0634	5.19989	40.8635	4.02953	32.5036	0.749803	1.33581
65 <pt<100 	7<chiso range<13 	46.0634	5.19989	40.8635	3.8592	32.5873	0.904698	1.3302
65 <pt<100 	8<chiso range<13 	46.0634	5.19989	40.8635	3.95232	32.548	0.818004	1.33236
#######################################################################################
100 <pt<400 	3<chiso range<8 	24.7405	1.55835	23.1821	1.14992	19.049	0.550299	0.944618
100 <pt<400 	3<chiso range<9 	24.7405	1.55835	23.1821	1.06399	19.1027	0.723345	0.936439
100 <pt<400 	3<chiso range<10 	24.7405	1.55835	23.1821	1.40031	18.7097	0.178157	1.01665
100 <pt<400 	3<chiso range<11 	24.7405	1.55835	23.1821	1.35485	18.786	0.234324	0.999086
100 <pt<400 	3<chiso range<12 	24.7405	1.55835	23.1821	1.26284	18.8952	0.365592	0.975857
100 <pt<400 	3<chiso range<13 	24.7405	1.55835	23.1821	1.32649	18.8055	0.272884	0.9958
100 <pt<400 	4<chiso range<9 	24.7405	1.55835	23.1821	0.973697	19.1961	0.936668	0.917723
100 <pt<400 	4<chiso range<10 	24.7405	1.55835	23.1821	1.35255	18.7465	0.240966	1.01108
100 <pt<400 	4<chiso range<11 	24.7405	1.55835	23.1821	1.30431	18.8622	0.30392	0.981606
100 <pt<400 	4<chiso range<12 	24.7405	1.55835	23.1821	1.2147	18.9366	0.442817	0.968618
100 <pt<400 	4<chiso range<13 	24.7405	1.55835	23.1821	1.28321	18.8746	0.334763	0.97952
100 <pt<400 	5<chiso range<10 	24.7405	1.55835	23.1821	1.16053	18.9538	0.543971	0.969042
100 <pt<400 	5<chiso range<11 	24.7405	1.55835	23.1821	1.14756	19.0091	0.559169	0.954367
100 <pt<400 	5<chiso range<12 	24.7405	1.55835	23.1821	1.06511	19.0664	0.726292	0.945345
100 <pt<400 	5<chiso range<13 	24.7405	1.55835	23.1821	1.16127	18.9894	0.534225	0.958156
100 <pt<400 	6<chiso range<11 	24.7405	1.55835	23.1821	1.2708	18.9202	0.350265	0.968554
100 <pt<400 	6<chiso range<12 	24.7405	1.55835	23.1821	1.15157	19.0119	0.550366	0.953143
100 <pt<400 	6<chiso range<13 	24.7405	1.55835	23.1821	1.25369	18.916	0.377786	0.970561
100 <pt<400 	7<chiso range<12 	24.7405	1.55835	23.1821	1.19807	18.9807	0.465833	0.957462
100 <pt<400 	7<chiso range<13 	24.7405	1.55835	23.1821	1.31892	18.8319	0.281329	0.988754
100 <pt<400 	8<chiso range<13 	24.7405	1.55835	23.1821	1.54876	18.5851	0.00971491	1.03498
#######################################################################################
