pt range	chiso range	DataNumber	FakeNumber	TrueNumber	fitFake_number	fitTrue_number	closureFake_test	closureTrue_test
#######################################################################################
20 <pt<25 	3<chiso range<8 	90.3226	54.4649	35.8359	44.6764	44.7679	1.98262	0.777
20 <pt<25 	3<chiso range<9 	90.3226	54.4649	35.8359	44.0297	45.5177	2.14178	0.84448
20 <pt<25 	3<chiso range<10 	90.3226	54.4649	35.8359	41.1571	48.7431	2.9084	1.14058
20 <pt<25 	3<chiso range<11 	90.3226	54.4649	35.8359	42.2139	47.8599	2.60513	1.05376
20 <pt<25 	3<chiso range<12 	90.3226	54.4649	35.8359	41.2606	48.7251	2.87493	1.13683
20 <pt<25 	3<chiso range<13 	90.3226	54.4649	35.8359	40.176	49.615	3.20158	1.22546
20 <pt<25 	4<chiso range<9 	90.3226	54.4649	35.8359	47.0625	42.55	1.42089	0.574675
20 <pt<25 	4<chiso range<10 	90.3226	54.4649	35.8359	43.0541	47.0534	2.37863	0.97796
20 <pt<25 	4<chiso range<11 	90.3226	54.4649	35.8359	44.1513	46.0983	2.09284	0.887229
20 <pt<25 	4<chiso range<12 	90.3226	54.4649	35.8359	42.8859	47.3054	2.4199	0.999556
20 <pt<25 	4<chiso range<13 	90.3226	54.4649	35.8359	41.4508	48.4389	2.82298	1.11103
20 <pt<25 	5<chiso range<10 	90.3226	54.4649	35.8359	45.0283	46.2445	1.85628	0.886163
20 <pt<25 	5<chiso range<11 	90.3226	54.4649	35.8359	46.1937	45.1497	1.58443	0.786446
20 <pt<25 	5<chiso range<12 	90.3226	54.4649	35.8359	44.453	46.6951	1.99669	0.92828
20 <pt<25 	5<chiso range<13 	90.3226	54.4649	35.8359	42.6121	48.0662	2.47847	1.06197
20 <pt<25 	6<chiso range<11 	90.3226	54.4649	35.8359	41.2878	51.5553	2.77342	1.34708
20 <pt<25 	6<chiso range<12 	90.3226	54.4649	35.8359	39.8612	52.5366	3.1989	1.4493
20 <pt<25 	6<chiso range<13 	90.3226	54.4649	35.8359	38.2854	53.4469	3.71714	1.5523
20 <pt<25 	7<chiso range<12 	90.3226	54.4649	35.8359	38.7532	53.0072	3.56354	1.50801
20 <pt<25 	7<chiso range<13 	90.3226	54.4649	35.8359	36.8795	54.1805	4.22406	1.63996
20 <pt<25 	8<chiso range<13 	90.3226	54.4649	35.8359	33.2782	57.2091	5.67533	1.96178
#######################################################################################
25 <pt<30 	3<chiso range<8 	48.9245	25.8089	23.1041	21.5924	26.6188	1.21205	0.426767
25 <pt<30 	3<chiso range<9 	48.9245	25.8089	23.1041	21.3821	26.9028	1.28253	0.461524
25 <pt<30 	3<chiso range<10 	48.9245	25.8089	23.1041	21.1004	27.1154	1.38438	0.489574
25 <pt<30 	3<chiso range<11 	48.9245	25.8089	23.1041	20.4547	27.7173	1.62524	0.567617
25 <pt<30 	3<chiso range<12 	48.9245	25.8089	23.1041	20.4737	27.5893	1.6223	0.553122
25 <pt<30 	3<chiso range<13 	48.9245	25.8089	23.1041	20.7225	27.3756	1.52696	0.524937
25 <pt<30 	4<chiso range<9 	48.9245	25.8089	23.1041	20.929	27.3409	1.44445	0.517406
25 <pt<30 	4<chiso range<10 	48.9245	25.8089	23.1041	20.6526	27.5414	1.5492	0.544389
25 <pt<30 	4<chiso range<11 	48.9245	25.8089	23.1041	19.9621	28.1844	1.81908	0.628695
25 <pt<30 	4<chiso range<12 	48.9245	25.8089	23.1041	20.0237	28.0049	1.7996	0.607698
25 <pt<30 	4<chiso range<13 	48.9245	25.8089	23.1041	20.3269	27.7416	1.6785	0.572674
25 <pt<30 	5<chiso range<10 	48.9245	25.8089	23.1041	20.4192	27.8974	1.63275	0.58793
25 <pt<30 	5<chiso range<11 	48.9245	25.8089	23.1041	19.6188	28.6199	1.95492	0.683715
25 <pt<30 	5<chiso range<12 	48.9245	25.8089	23.1041	19.7297	28.3534	1.91648	0.652191
25 <pt<30 	5<chiso range<13 	48.9245	25.8089	23.1041	20.1019	28.0274	1.76418	0.608629
25 <pt<30 	6<chiso range<11 	48.9245	25.8089	23.1041	20.5095	27.7877	1.59889	0.57403
25 <pt<30 	6<chiso range<12 	48.9245	25.8089	23.1041	20.5349	27.5582	1.59727	0.548299
25 <pt<30 	6<chiso range<13 	48.9245	25.8089	23.1041	20.9509	27.1976	1.44049	0.501042
25 <pt<30 	7<chiso range<12 	48.9245	25.8089	23.1041	19.1173	29.0413	2.17178	0.740892
25 <pt<30 	7<chiso range<13 	48.9245	25.8089	23.1041	19.7302	28.4918	1.90928	0.667048
25 <pt<30 	8<chiso range<13 	48.9245	25.8089	23.1041	19.3722	28.5692	2.07341	0.683766
#######################################################################################
30 <pt<35 	3<chiso range<8 	32.2683	15.9332	16.3235	11.5152	20.0155	1.74542	0.583726
30 <pt<35 	3<chiso range<9 	32.2683	15.9332	16.3235	10.8933	20.6503	2.10219	0.691007
30 <pt<35 	3<chiso range<10 	32.2683	15.9332	16.3235	10.8071	20.7361	2.1551	0.705763
30 <pt<35 	3<chiso range<11 	32.2683	15.9332	16.3235	11.01	20.5884	2.02699	0.678376
30 <pt<35 	3<chiso range<12 	32.2683	15.9332	16.3235	10.6169	21.0154	2.26524	0.750178
30 <pt<35 	3<chiso range<13 	32.2683	15.9332	16.3235	10.2429	21.379	2.51349	0.813693
30 <pt<35 	4<chiso range<9 	32.2683	15.9332	16.3235	11.2877	20.314	1.86591	0.63167
30 <pt<35 	4<chiso range<10 	32.2683	15.9332	16.3235	11.128	20.465	1.9581	0.657554
30 <pt<35 	4<chiso range<11 	32.2683	15.9332	16.3235	11.3366	20.3207	1.83384	0.630881
30 <pt<35 	4<chiso range<12 	32.2683	15.9332	16.3235	10.8389	20.8545	2.1209	0.72012
30 <pt<35 	4<chiso range<13 	32.2683	15.9332	16.3235	10.3881	21.2886	2.40942	0.795567
30 <pt<35 	5<chiso range<10 	32.2683	15.9332	16.3235	10.9871	20.779	2.02516	0.704456
30 <pt<35 	5<chiso range<11 	32.2683	15.9332	16.3235	11.2567	20.5769	1.86369	0.667679
30 <pt<35 	5<chiso range<12 	32.2683	15.9332	16.3235	10.6647	21.195	2.21192	0.771624
30 <pt<35 	5<chiso range<13 	32.2683	15.9332	16.3235	10.1426	21.6819	2.55913	0.85737
30 <pt<35 	6<chiso range<11 	32.2683	15.9332	16.3235	11.1287	20.7209	1.93518	0.691448
30 <pt<35 	6<chiso range<12 	32.2683	15.9332	16.3235	10.4682	21.4084	2.33537	0.807659
30 <pt<35 	6<chiso range<13 	32.2683	15.9332	16.3235	9.89272	21.9426	2.73519	0.902513
30 <pt<35 	7<chiso range<12 	32.2683	15.9332	16.3235	8.66872	23.3917	3.71433	1.14897
30 <pt<35 	7<chiso range<13 	32.2683	15.9332	16.3235	8.1562	23.8251	4.23886	1.23251
30 <pt<35 	8<chiso range<13 	32.2683	15.9332	16.3235	8.28084	23.5181	4.14349	1.18737
#######################################################################################
35 <pt<50 	3<chiso range<8 	44.7766	17.1466	27.6329	14.3322	30.6449	0.865612	0.389855
35 <pt<50 	3<chiso range<9 	44.7766	17.1466	27.6329	13.0043	31.9939	1.40005	0.574882
35 <pt<50 	3<chiso range<10 	44.7766	17.1466	27.6329	12.9026	32.0935	1.44603	0.588961
35 <pt<50 	3<chiso range<11 	44.7766	17.1466	27.6329	12.5379	32.4809	1.61452	0.643037
35 <pt<50 	3<chiso range<12 	44.7766	17.1466	27.6329	12.6991	32.2927	1.54006	0.617163
35 <pt<50 	3<chiso range<13 	44.7766	17.1466	27.6329	12.1603	32.8025	1.80536	0.690528
35 <pt<50 	4<chiso range<9 	44.7766	17.1466	27.6329	12.5134	32.6712	1.6136	0.664844
35 <pt<50 	4<chiso range<10 	44.7766	17.1466	27.6329	12.466	32.6835	1.63904	0.667706
35 <pt<50 	4<chiso range<11 	44.7766	17.1466	27.6329	12.0758	33.0741	1.83261	0.723311
35 <pt<50 	4<chiso range<12 	44.7766	17.1466	27.6329	12.3121	32.7958	1.71728	0.684948
35 <pt<50 	4<chiso range<13 	44.7766	17.1466	27.6329	11.7168	33.3321	2.03165	0.763936
35 <pt<50 	5<chiso range<10 	44.7766	17.1466	27.6329	11.5056	33.4924	2.15412	0.789
35 <pt<50 	5<chiso range<11 	44.7766	17.1466	27.6329	11.1856	33.8237	2.33858	0.836806
35 <pt<50 	5<chiso range<12 	44.7766	17.1466	27.6329	11.5507	33.4364	2.12972	0.781222
35 <pt<50 	5<chiso range<13 	44.7766	17.1466	27.6329	10.9516	33.972	2.49115	0.861764
35 <pt<50 	6<chiso range<11 	44.7766	17.1466	27.6329	9.63296	35.3856	3.42181	1.06929
35 <pt<50 	6<chiso range<12 	44.7766	17.1466	27.6329	10.2157	34.7663	2.98214	0.977641
35 <pt<50 	6<chiso range<13 	44.7766	17.1466	27.6329	9.72838	35.205	3.35861	1.04576
35 <pt<50 	7<chiso range<12 	44.7766	17.1466	27.6329	11.4149	33.5643	2.20769	0.800091
35 <pt<50 	7<chiso range<13 	44.7766	17.1466	27.6329	10.6142	34.3119	2.71267	0.912189
35 <pt<50 	8<chiso range<13 	44.7766	17.1466	27.6329	9.33357	35.6289	3.68129	1.10878
#######################################################################################
50 <pt<60 	3<chiso range<8 	14.4018	4.79861	9.60318	2.56841	11.8251	1.94033	0.561826
50 <pt<60 	3<chiso range<9 	14.4018	4.79861	9.60318	2.6009	11.7664	1.89749	0.547628
50 <pt<60 	3<chiso range<10 	14.4018	4.79861	9.60318	2.66242	11.7255	1.79553	0.534876
50 <pt<60 	3<chiso range<11 	14.4018	4.79861	9.60318	2.53574	11.8447	1.99849	0.568207
50 <pt<60 	3<chiso range<12 	14.4018	4.79861	9.60318	2.76828	11.6089	1.64132	0.503602
50 <pt<60 	3<chiso range<13 	14.4018	4.79861	9.60318	3.13673	11.2382	1.19214	0.404441
50 <pt<60 	4<chiso range<9 	14.4018	4.79861	9.60318	2.65403	11.6829	1.82507	0.526902
50 <pt<60 	4<chiso range<10 	14.4018	4.79861	9.60318	2.71559	11.6507	1.72375	0.515977
50 <pt<60 	4<chiso range<11 	14.4018	4.79861	9.60318	2.56153	11.7993	1.96302	0.557153
50 <pt<60 	4<chiso range<12 	14.4018	4.79861	9.60318	2.82501	11.5375	1.56849	0.485238
50 <pt<60 	4<chiso range<13 	14.4018	4.79861	9.60318	3.2461	11.111	1.08035	0.371873
50 <pt<60 	5<chiso range<10 	14.4018	4.79861	9.60318	2.67521	11.7226	1.77311	0.533346
50 <pt<60 	5<chiso range<11 	14.4018	4.79861	9.60318	2.48982	11.8954	2.07429	0.581838
50 <pt<60 	5<chiso range<12 	14.4018	4.79861	9.60318	2.81678	11.5728	1.57163	0.492937
50 <pt<60 	5<chiso range<13 	14.4018	4.79861	9.60318	3.33205	11.044	0.991307	0.353278
50 <pt<60 	6<chiso range<11 	14.4018	4.79861	9.60318	2.90271	11.4753	1.46329	0.467396
50 <pt<60 	6<chiso range<12 	14.4018	4.79861	9.60318	3.22827	11.1935	1.08585	0.389879
50 <pt<60 	6<chiso range<13 	14.4018	4.79861	9.60318	3.8278	10.5495	0.572614	0.226697
50 <pt<60 	7<chiso range<12 	14.4018	4.79861	9.60318	3.35136	11.066	0.965438	0.356782
50 <pt<60 	7<chiso range<13 	14.4018	4.79861	9.60318	4.08867	10.2609	0.393567	0.15594
50 <pt<60 	8<chiso range<13 	14.4018	4.79861	9.60318	3.92244	10.4229	0.50746	0.19618
#######################################################################################
60 <pt<400 	3<chiso range<8 	25.0361	4.06689	20.9692	2.2126	22.585	1.45798	0.321491
60 <pt<400 	3<chiso range<9 	25.0361	4.06689	20.9692	2.54618	22.2615	1.03738	0.253747
60 <pt<400 	3<chiso range<10 	25.0361	4.06689	20.9692	2.60461	22.204	0.972992	0.241851
60 <pt<400 	3<chiso range<11 	25.0361	4.06689	20.9692	2.52948	22.2818	1.0547	0.257833
60 <pt<400 	3<chiso range<12 	25.0361	4.06689	20.9692	2.39541	22.4287	1.20603	0.287882
60 <pt<400 	3<chiso range<13 	25.0361	4.06689	20.9692	2.32373	22.4695	1.30025	0.297359
60 <pt<400 	4<chiso range<9 	25.0361	4.06689	20.9692	3.14145	21.6535	0.512954	0.13122
60 <pt<400 	4<chiso range<10 	25.0361	4.06689	20.9692	3.14505	21.6573	0.509301	0.13184
60 <pt<400 	4<chiso range<11 	25.0361	4.06689	20.9692	2.95543	21.8391	0.65345	0.168118
60 <pt<400 	4<chiso range<12 	25.0361	4.06689	20.9692	2.7454	22.1133	0.832241	0.222104
60 <pt<400 	4<chiso range<13 	25.0361	4.06689	20.9692	2.61915	22.1878	0.95769	0.238556
60 <pt<400 	5<chiso range<10 	25.0361	4.06689	20.9692	3.05244	21.7469	0.577389	0.149633
60 <pt<400 	5<chiso range<11 	25.0361	4.06689	20.9692	2.8447	22.0219	0.745902	0.203493
60 <pt<400 	5<chiso range<12 	25.0361	4.06689	20.9692	2.61812	22.1998	0.955376	0.240707
60 <pt<400 	5<chiso range<13 	25.0361	4.06689	20.9692	2.50658	22.3056	1.07981	0.262725
60 <pt<400 	6<chiso range<11 	25.0361	4.06689	20.9692	2.85682	22.0086	0.736102	0.20085
60 <pt<400 	6<chiso range<12 	25.0361	4.06689	20.9692	2.59107	22.2303	0.983637	0.246892
60 <pt<400 	6<chiso range<13 	25.0361	4.06689	20.9692	2.46586	22.3385	1.12756	0.269767
60 <pt<400 	7<chiso range<12 	25.0361	4.06689	20.9692	2.68522	22.202	0.874331	0.239211
60 <pt<400 	7<chiso range<13 	25.0361	4.06689	20.9692	2.51098	22.344	1.06149	0.26935
60 <pt<400 	8<chiso range<13 	25.0361	4.06689	20.9692	2.47281	22.3612	1.11089	0.27357
#######################################################################################
