pt range	chiso range	DataNumber	FakeNumber	TrueNumber	fitFake_number	fitTrue_number	closureFake_test	closureTrue_test
#######################################################################################
20 <pt<25 	3<chiso range<8 	190.457	48.2799	141.556	65.3739	127.769	2.06373	0.841281
20 <pt<25 	3<chiso range<9 	190.457	48.2799	141.556	65.6839	127.415	2.09294	0.862335
20 <pt<25 	3<chiso range<10 	190.457	48.2799	141.556	65.0879	128.052	2.03974	0.82563
20 <pt<25 	3<chiso range<11 	190.457	48.2799	141.556	63.6991	129.43	1.91177	0.745541
20 <pt<25 	3<chiso range<12 	190.457	48.2799	141.556	62.7035	130.397	1.81697	0.688968
20 <pt<25 	3<chiso range<13 	190.457	48.2799	141.556	61.9537	131.143	1.74241	0.644596
20 <pt<25 	4<chiso range<9 	190.457	48.2799	141.556	65.9762	127.137	2.11874	0.878318
20 <pt<25 	4<chiso range<10 	190.457	48.2799	141.556	65.2325	127.929	2.05258	0.832671
20 <pt<25 	4<chiso range<11 	190.457	48.2799	141.556	63.6175	129.528	1.90394	0.739757
20 <pt<25 	4<chiso range<12 	190.457	48.2799	141.556	62.4983	130.611	1.79683	0.676302
20 <pt<25 	4<chiso range<13 	190.457	48.2799	141.556	61.6752	131.427	1.71436	0.627676
20 <pt<25 	5<chiso range<10 	190.457	48.2799	141.556	67.3469	125.725	2.23925	0.960054
20 <pt<25 	5<chiso range<11 	190.457	48.2799	141.556	65.0878	128.005	2.04123	0.828959
20 <pt<25 	5<chiso range<12 	190.457	48.2799	141.556	63.5897	129.481	1.90264	0.743013
20 <pt<25 	5<chiso range<13 	190.457	48.2799	141.556	62.5307	130.541	1.80008	0.680459
20 <pt<25 	6<chiso range<11 	190.457	48.2799	141.556	64.5505	128.565	1.9924	0.79653
20 <pt<25 	6<chiso range<12 	190.457	48.2799	141.556	62.8393	130.237	1.83098	0.698699
20 <pt<25 	6<chiso range<13 	190.457	48.2799	141.556	61.6859	131.383	1.71619	0.630555
20 <pt<25 	7<chiso range<12 	190.457	48.2799	141.556	59.4793	133.597	1.48785	0.497904
20 <pt<25 	7<chiso range<13 	190.457	48.2799	141.556	58.6228	134.481	1.39281	0.443741
20 <pt<25 	8<chiso range<13 	190.457	48.2799	141.556	57.912	135.201	1.31302	0.399711
#######################################################################################
25 <pt<30 	3<chiso range<8 	105.576	23.1362	82.2279	29.123	77.5344	1.03767	0.393928
25 <pt<30 	3<chiso range<9 	105.576	23.1362	82.2279	29.4624	77.2126	1.08317	0.419518
25 <pt<30 	3<chiso range<10 	105.576	23.1362	82.2279	29.0963	77.552	1.03379	0.392445
25 <pt<30 	3<chiso range<11 	105.576	23.1362	82.2279	28.7177	77.9451	0.980671	0.360623
25 <pt<30 	3<chiso range<12 	105.576	23.1362	82.2279	28.3869	78.3217	0.932452	0.329526
25 <pt<30 	3<chiso range<13 	105.576	23.1362	82.2279	27.6696	79.039	0.825603	0.270555
25 <pt<30 	4<chiso range<9 	105.576	23.1362	82.2279	29.5622	77.1521	1.09471	0.423743
25 <pt<30 	4<chiso range<10 	105.576	23.1362	82.2279	29.1112	77.5662	1.03454	0.390882
25 <pt<30 	4<chiso range<11 	105.576	23.1362	82.2279	28.6703	78.0185	0.972758	0.354303
25 <pt<30 	4<chiso range<12 	105.576	23.1362	82.2279	28.2996	78.4356	0.918689	0.319912
25 <pt<30 	4<chiso range<13 	105.576	23.1362	82.2279	27.4968	79.2374	0.798254	0.253916
25 <pt<30 	5<chiso range<10 	105.576	23.1362	82.2279	28.1351	78.5666	0.895275	0.309391
25 <pt<30 	5<chiso range<11 	105.576	23.1362	82.2279	27.7524	78.9705	0.83793	0.276142
25 <pt<30 	5<chiso range<12 	105.576	23.1362	82.2279	27.4807	79.2526	0.795969	0.252707
25 <pt<30 	5<chiso range<13 	105.576	23.1362	82.2279	26.6662	80.0661	0.666267	0.184806
25 <pt<30 	6<chiso range<11 	105.576	23.1362	82.2279	27.8272	78.9296	0.848436	0.279299
25 <pt<30 	6<chiso range<12 	105.576	23.1362	82.2279	27.4918	79.273	0.796926	0.250823
25 <pt<30 	6<chiso range<13 	105.576	23.1362	82.2279	26.5444	80.2147	0.64565	0.172189
25 <pt<30 	7<chiso range<12 	105.576	23.1362	82.2279	28.1998	78.5884	0.902464	0.306949
25 <pt<30 	7<chiso range<13 	105.576	23.1362	82.2279	26.9297	79.85	0.70785	0.202652
25 <pt<30 	8<chiso range<13 	105.576	23.1362	82.2279	25.9633	80.783	0.547693	0.124185
#######################################################################################
30 <pt<40 	3<chiso range<8 	105.745	19.1044	86.2831	22.7274	83.9396	0.624971	0.196789
30 <pt<40 	3<chiso range<9 	105.745	19.1044	86.2831	22.6889	83.9501	0.619018	0.195851
30 <pt<40 	3<chiso range<10 	105.745	19.1044	86.2831	21.5193	85.1257	0.439385	0.0983991
30 <pt<40 	3<chiso range<11 	105.745	19.1044	86.2831	20.7885	85.8614	0.316804	0.0361165
30 <pt<40 	3<chiso range<12 	105.745	19.1044	86.2831	20.7683	85.8666	0.313541	0.0356904
30 <pt<40 	3<chiso range<13 	105.745	19.1044	86.2831	20.209	86.4108	0.213848	0.0110064
30 <pt<40 	4<chiso range<9 	105.745	19.1044	86.2831	23.3821	83.2743	0.716367	0.250545
30 <pt<40 	4<chiso range<10 	105.745	19.1044	86.2831	21.8316	84.8302	0.488752	0.123056
30 <pt<40 	4<chiso range<11 	105.745	19.1044	86.2831	20.9224	85.744	0.339517	0.0460856
30 <pt<40 	4<chiso range<12 	105.745	19.1044	86.2831	20.885	85.7617	0.333454	0.0446099
30 <pt<40 	4<chiso range<13 	105.745	19.1044	86.2831	20.2358	86.393	0.21862	0.00946687
30 <pt<40 	5<chiso range<10 	105.745	19.1044	86.2831	20.6193	86.0429	0.287095	0.0206028
30 <pt<40 	5<chiso range<11 	105.745	19.1044	86.2831	19.809	86.8536	0.138811	0.0493307
30 <pt<40 	5<chiso range<12 	105.745	19.1044	86.2831	19.9044	86.7366	0.157048	0.0391948
30 <pt<40 	5<chiso range<13 	105.745	19.1044	86.2831	19.2967	87.3211	0.0389317	0.0902758
30 <pt<40 	6<chiso range<11 	105.745	19.1044	86.2831	19.3894	87.2562	0.0573419	0.0844962
30 <pt<40 	6<chiso range<12 	105.745	19.1044	86.2831	19.563	87.0602	0.0915921	0.0673981
30 <pt<40 	6<chiso range<13 	105.745	19.1044	86.2831	18.9017	87.6969	0.0418927	0.12346
30 <pt<40 	7<chiso range<12 	105.745	19.1044	86.2831	18.8315	87.8161	0.05677	0.133927
30 <pt<40 	7<chiso range<13 	105.745	19.1044	86.2831	18.1763	88.4761	0.199938	0.192795
30 <pt<40 	8<chiso range<13 	105.745	19.1044	86.2831	17.6806	89.0153	0.314548	0.24112
#######################################################################################
40 <pt<50 	3<chiso range<8 	46.2986	6.20321	40.0125	6.90546	39.9234	0.242008	0.0120789
40 <pt<50 	3<chiso range<9 	46.2986	6.20321	40.0125	6.56993	40.2564	0.132896	0.0333387
40 <pt<50 	3<chiso range<10 	46.2986	6.20321	40.0125	6.6987	40.1242	0.176335	0.0152306
40 <pt<50 	3<chiso range<11 	46.2986	6.20321	40.0125	6.74575	40.0775	0.191687	0.00885167
40 <pt<50 	3<chiso range<12 	46.2986	6.20321	40.0125	6.60914	40.2194	0.146303	0.0282647
40 <pt<50 	3<chiso range<13 	46.2986	6.20321	40.0125	6.63566	40.1903	0.155277	0.024275
40 <pt<50 	4<chiso range<9 	46.2986	6.20321	40.0125	6.53054	40.2887	0.119564	0.0378224
40 <pt<50 	4<chiso range<10 	46.2986	6.20321	40.0125	6.68584	40.1313	0.172402	0.0162178
40 <pt<50 	4<chiso range<11 	46.2986	6.20321	40.0125	6.74175	40.0763	0.190684	0.00869545
40 <pt<50 	4<chiso range<12 	46.2986	6.20321	40.0125	6.58787	40.2366	0.139271	0.03065
40 <pt<50 	4<chiso range<13 	46.2986	6.20321	40.0125	6.61984	40.2022	0.150135	0.0259244
40 <pt<50 	5<chiso range<10 	46.2986	6.20321	40.0125	6.3806	40.4188	0.0665831	0.0559323
40 <pt<50 	5<chiso range<11 	46.2986	6.20321	40.0125	6.48605	40.3169	0.104333	0.0417771
40 <pt<50 	5<chiso range<12 	46.2986	6.20321	40.0125	6.34946	40.4613	0.0550543	0.0617827
40 <pt<50 	5<chiso range<13 	46.2986	6.20321	40.0125	6.41366	40.3964	0.0784111	0.0527558
40 <pt<50 	6<chiso range<11 	46.2986	6.20321	40.0125	6.327	40.4725	0.0467858	0.0633436
40 <pt<50 	6<chiso range<12 	46.2986	6.20321	40.0125	6.19104	40.6182	0.00469489	0.0836555
40 <pt<50 	6<chiso range<13 	46.2986	6.20321	40.0125	6.28772	40.5212	0.0320999	0.0700927
40 <pt<50 	7<chiso range<12 	46.2986	6.20321	40.0125	6.19531	40.6274	0.00304255	0.0849162
40 <pt<50 	7<chiso range<13 	46.2986	6.20321	40.0125	6.30799	40.5121	0.0396374	0.0688013
40 <pt<50 	8<chiso range<13 	46.2986	6.20321	40.0125	6.35147	40.4725	0.0556843	0.0632793
#######################################################################################
50 <pt<65 	3<chiso range<8 	34.5178	3.32728	31.0454	4.19694	30.4954	0.396965	0.0892134
50 <pt<65 	3<chiso range<9 	34.5178	3.32728	31.0454	3.94579	30.7231	0.300658	0.0527549
50 <pt<65 	3<chiso range<10 	34.5178	3.32728	31.0454	4.1006	30.5792	0.361755	0.0759035
50 <pt<65 	3<chiso range<11 	34.5178	3.32728	31.0454	3.97037	30.7016	0.310631	0.0562252
50 <pt<65 	3<chiso range<12 	34.5178	3.32728	31.0454	3.95157	30.7028	0.304233	0.0561326
50 <pt<65 	3<chiso range<13 	34.5178	3.32728	31.0454	3.93434	30.718	0.297063	0.0536675
50 <pt<65 	4<chiso range<9 	34.5178	3.32728	31.0454	3.68589	31.0147	0.185756	0.00505505
50 <pt<65 	4<chiso range<10 	34.5178	3.32728	31.0454	3.89408	30.7858	0.278144	0.0425242
50 <pt<65 	4<chiso range<11 	34.5178	3.32728	31.0454	3.77914	30.92	0.228519	0.0205938
50 <pt<65 	4<chiso range<12 	34.5178	3.32728	31.0454	3.78124	30.8965	0.230667	0.0244867
50 <pt<65 	4<chiso range<13 	34.5178	3.32728	31.0454	3.78131	30.8953	0.230695	0.024683
50 <pt<65 	5<chiso range<10 	34.5178	3.32728	31.0454	3.88909	30.8016	0.276649	0.0399242
50 <pt<65 	5<chiso range<11 	34.5178	3.32728	31.0454	3.75594	30.9342	0.218522	0.0182827
50 <pt<65 	5<chiso range<12 	34.5178	3.32728	31.0454	3.75987	30.9079	0.221475	0.0226364
50 <pt<65 	5<chiso range<13 	34.5178	3.32728	31.0454	3.76267	30.9052	0.222709	0.0230776
50 <pt<65 	6<chiso range<11 	34.5178	3.32728	31.0454	3.70679	30.9889	0.195781	0.00930009
50 <pt<65 	6<chiso range<12 	34.5178	3.32728	31.0454	3.71953	30.9482	0.203004	0.0160213
50 <pt<65 	6<chiso range<13 	34.5178	3.32728	31.0454	3.72834	30.9399	0.207016	0.0173832
50 <pt<65 	7<chiso range<12 	34.5178	3.32728	31.0454	3.84325	30.8246	0.258475	0.036261
50 <pt<65 	7<chiso range<13 	34.5178	3.32728	31.0454	3.83178	30.8366	0.253398	0.034298
50 <pt<65 	8<chiso range<13 	34.5178	3.32728	31.0454	3.64788	31.0015	0.169853	0.00726015
#######################################################################################
65 <pt<100 	3<chiso range<8 	28.0335	2.29969	25.6173	2.08683	26.133	0.143867	0.0974628
65 <pt<100 	3<chiso range<9 	28.0335	2.29969	25.6173	2.09672	26.1191	0.136497	0.0947742
65 <pt<100 	3<chiso range<10 	28.0335	2.29969	25.6173	2.16311	26.0519	0.0890021	0.0818234
65 <pt<100 	3<chiso range<11 	28.0335	2.29969	25.6173	2.01793	26.196	0.19671	0.109656
65 <pt<100 	3<chiso range<12 	28.0335	2.29969	25.6173	1.92327	26.2688	0.274117	0.124186
65 <pt<100 	3<chiso range<13 	28.0335	2.29969	25.6173	1.83059	26.4054	0.358774	0.150354
65 <pt<100 	4<chiso range<9 	28.0335	2.29969	25.6173	2.16675	26.0583	0.0861412	0.0829598
65 <pt<100 	4<chiso range<10 	28.0335	2.29969	25.6173	2.23139	25.9921	0.0429922	0.0702946
65 <pt<100 	4<chiso range<11 	28.0335	2.29969	25.6173	2.0577	26.1635	0.165154	0.103258
65 <pt<100 	4<chiso range<12 	28.0335	2.29969	25.6173	1.94846	26.288	0.251626	0.127309
65 <pt<100 	4<chiso range<13 	28.0335	2.29969	25.6173	1.83312	26.3675	0.354709	0.143468
65 <pt<100 	5<chiso range<10 	28.0335	2.29969	25.6173	2.30974	25.9101	0.0061229	0.0547284
65 <pt<100 	5<chiso range<11 	28.0335	2.29969	25.6173	2.09451	26.1232	0.137788	0.0955011
65 <pt<100 	5<chiso range<12 	28.0335	2.29969	25.6173	1.96405	26.2704	0.23865	0.123885
65 <pt<100 	5<chiso range<13 	28.0335	2.29969	25.6173	1.8333	26.3664	0.354634	0.143249
65 <pt<100 	6<chiso range<11 	28.0335	2.29969	25.6173	2.02095	26.1967	0.193928	0.109733
65 <pt<100 	6<chiso range<12 	28.0335	2.29969	25.6173	1.89323	26.3309	0.299734	0.135908
65 <pt<100 	6<chiso range<13 	28.0335	2.29969	25.6173	1.75696	26.4532	0.430209	0.16028
65 <pt<100 	7<chiso range<12 	28.0335	2.29969	25.6173	1.8223	26.3811	0.36417	0.146152
65 <pt<100 	7<chiso range<13 	28.0335	2.29969	25.6173	1.68674	26.5564	0.505222	0.180214
65 <pt<100 	8<chiso range<13 	28.0335	2.29969	25.6173	1.60141	26.6374	0.605741	0.196461
#######################################################################################
100 <pt<400 	3<chiso range<8 	15.7886	0.706204	15.0137	0.622709	15.2287	0.128173	0.0595908
100 <pt<400 	3<chiso range<9 	15.7886	0.706204	15.0137	0.579314	15.2898	0.209909	0.0767518
100 <pt<400 	3<chiso range<10 	15.7886	0.706204	15.0137	0.607568	15.2539	0.154797	0.0666528
100 <pt<400 	3<chiso range<11 	15.7886	0.706204	15.0137	0.571219	15.321	0.222213	0.085458
100 <pt<400 	3<chiso range<12 	15.7886	0.706204	15.0137	0.577785	15.3047	0.210836	0.0808722
100 <pt<400 	3<chiso range<13 	15.7886	0.706204	15.0137	0.579209	15.304	0.207952	0.08066
100 <pt<400 	4<chiso range<9 	15.7886	0.706204	15.0137	0.548442	15.2999	0.275515	0.0799721
100 <pt<400 	4<chiso range<10 	15.7886	0.706204	15.0137	0.58286	15.2993	0.201058	0.0793221
100 <pt<400 	4<chiso range<11 	15.7886	0.706204	15.0137	0.548658	15.3327	0.268925	0.0890464
100 <pt<400 	4<chiso range<12 	15.7886	0.706204	15.0137	0.560105	15.3068	0.247018	0.0817361
100 <pt<400 	4<chiso range<13 	15.7886	0.706204	15.0137	0.558878	15.3161	0.249052	0.0842833
100 <pt<400 	5<chiso range<10 	15.7886	0.706204	15.0137	0.57428	15.3012	0.21882	0.0799544
100 <pt<400 	5<chiso range<11 	15.7886	0.706204	15.0137	0.533816	15.3393	0.301865	0.0910988
100 <pt<400 	5<chiso range<12 	15.7886	0.706204	15.0137	0.550577	15.3266	0.267842	0.0872589
100 <pt<400 	5<chiso range<13 	15.7886	0.706204	15.0137	0.554604	15.318	0.259062	0.0848587
100 <pt<400 	6<chiso range<11 	15.7886	0.706204	15.0137	0.602582	15.2958	0.157847	0.0782685
100 <pt<400 	6<chiso range<12 	15.7886	0.706204	15.0137	0.60678	15.2655	0.153616	0.0698719
100 <pt<400 	6<chiso range<13 	15.7886	0.706204	15.0137	0.606122	15.2651	0.154883	0.0697692
100 <pt<400 	7<chiso range<12 	15.7886	0.706204	15.0137	0.531341	15.336	0.31088	0.0901715
100 <pt<400 	7<chiso range<13 	15.7886	0.706204	15.0137	0.539459	15.3214	0.292321	0.086056
100 <pt<400 	8<chiso range<13 	15.7886	0.706204	15.0137	0.535721	15.328	0.298044	0.087965
#######################################################################################
