pt: 20 ~ 25
*	3	4	5	6	7	8
8	1.06
9	1.04	0.98
10	0.84	0.73	0.19
11	0.48	0.29	0.35	1.26
12	0.57	0.41	0.09	0.79	0.52
13	0.355	0.166	0.362	1.049	0.860	1.055
############################################################
pt: 25 ~ 30
*	3	4	5	6	7	8
8	1.03
9	0.75	0.35
10	0.75	0.41	0.11
11	0.63	0.31	0.05	0.12
12	0.54	0.23	0.03	0.20	0.61
13	0.578	0.301	0.082	0.040	0.349	0.131
############################################################
pt: 30 ~ 40
*	3	4	5	6	7	8
8	1.67
9	1.64	1.55
10	1.61	1.53	1.58
11	1.63	1.56	1.62	1.78
12	1.61	1.54	1.59	1.72	1.56
13	1.496	1.409	1.439	1.539	1.339	1.236
############################################################
pt: 40 ~ 50
*	3	4	5	6	7	8
8	0.89
9	0.87	0.64
10	0.92	0.75	0.62
11	0.85	0.67	0.54	0.43
12	0.80	0.63	0.50	0.41	0.23
13	0.721	0.537	0.399	0.284	0.084	0.438
############################################################
pt: 50 ~ 70
*	3	4	5	6	7	8
8	0.79
9	1.20	1.14
10	1.16	1.09	0.41
11	1.09	1.00	0.97	0.37
12	0.98	0.85	0.79	0.60	0.37
13	0.899	0.756	0.689	0.489	0.251	0.068
############################################################
pt: 70 ~ 100
*	3	4	5	6	7	8
8	0.57
9	0.73	1.10
10	0.71	0.97	0.73
11	0.64	0.86	0.65	0.80
12	0.57	0.72	0.55	0.63	0.54
13	0.576	0.707	0.545	0.614	0.531	0.560
############################################################
pt: 100 ~ 120
*	3	4	5	6	7	8
8	0.06
9	0.05	0.14
10	0.01	0.07	0.14
11	0.00	0.05	0.11	0.34
12	0.03	0.02	0.06	0.23	0.13
13	0.042	0.084	0.141	0.322	0.235	0.136
############################################################
pt: 120 ~ 400
*	3	4	5	6	7	8
8	0.07
9	0.07	0.20
10	0.18	0.34	0.57
11	0.27	0.42	0.69	1.51
12	0.34	0.54	0.81	1.68	5.33
13	0.373	0.561	0.824	1.673	4.805	2.745
############################################################
