pt range	chiso range	DataNumber	FakeNumber	TrueNumber	fitFake_number	fitTrue_number	closureFake_test	closureTrue_test
#######################################################################################
20 <pt<25 	3<chiso range<8 	128.137	54.7099	73.22	48.145	78.879	1.40953	0.439452
20 <pt<25 	3<chiso range<9 	128.137	54.7099	73.22	47.5366	79.6274	1.55781	0.498088
20 <pt<25 	3<chiso range<10 	128.137	54.7099	73.22	44.8595	82.765	2.25699	0.74642
20 <pt<25 	3<chiso range<11 	128.137	54.7099	73.22	46.0103	81.6926	1.94204	0.659208
20 <pt<25 	3<chiso range<12 	128.137	54.7099	73.22	45.3057	82.3803	2.1322	0.714682
20 <pt<25 	3<chiso range<13 	128.137	54.7099	73.22	44.0918	83.4393	2.47705	0.801979
20 <pt<25 	4<chiso range<9 	128.137	54.7099	73.22	51.3004	75.8563	0.686245	0.201998
20 <pt<25 	4<chiso range<10 	128.137	54.7099	73.22	47.4042	80.3295	1.5826	0.550105
20 <pt<25 	4<chiso range<11 	128.137	54.7099	73.22	48.5983	79.2247	1.29031	0.462092
20 <pt<25 	4<chiso range<12 	128.137	54.7099	73.22	47.5547	80.2397	1.54409	0.542481
20 <pt<25 	4<chiso range<13 	128.137	54.7099	73.22	45.953	81.6493	1.95888	0.656467
20 <pt<25 	5<chiso range<10 	128.137	54.7099	73.22	49.9635	78.635	0.967908	0.411728
20 <pt<25 	5<chiso range<11 	128.137	54.7099	73.22	51.1967	77.4303	0.698961	0.31846
20 <pt<25 	5<chiso range<12 	128.137	54.7099	73.22	49.6765	78.833	1.03307	0.42752
20 <pt<25 	5<chiso range<13 	128.137	54.7099	73.22	47.5678	80.6266	1.53511	0.5703
20 <pt<25 	6<chiso range<11 	128.137	54.7099	73.22	46.3932	83.6838	1.80115	0.796308
20 <pt<25 	6<chiso range<12 	128.137	54.7099	73.22	45.1541	84.5906	2.13266	0.871858
20 <pt<25 	6<chiso range<13 	128.137	54.7099	73.22	43.1965	86.0035	2.69925	0.991992
20 <pt<25 	7<chiso range<12 	128.137	54.7099	73.22	44.1157	85.2239	2.4287	0.927057
20 <pt<25 	7<chiso range<13 	128.137	54.7099	73.22	41.762	86.9755	3.1527	1.07715
20 <pt<25 	8<chiso range<13 	128.137	54.7099	73.22	37.6295	90.7671	4.62909	1.39857
#######################################################################################
25 <pt<30 	3<chiso range<8 	71.4077	26.058	45.2634	23.3717	47.3186	0.79177	0.218171
25 <pt<30 	3<chiso range<9 	71.4077	26.058	45.2634	23.2972	47.4861	0.814792	0.235684
25 <pt<30 	3<chiso range<10 	71.4077	26.058	45.2634	22.8773	47.8646	0.95655	0.276811
25 <pt<30 	3<chiso range<11 	71.4077	26.058	45.2634	22.0826	48.6347	1.23902	0.360932
25 <pt<30 	3<chiso range<12 	71.4077	26.058	45.2634	22.0997	48.5321	1.23485	0.35043
25 <pt<30 	3<chiso range<13 	71.4077	26.058	45.2634	22.3465	48.3153	1.14444	0.326455
25 <pt<30 	4<chiso range<9 	71.4077	26.058	45.2634	23.0519	47.7359	0.896393	0.262573
25 <pt<30 	4<chiso range<10 	71.4077	26.058	45.2634	22.5903	48.1501	1.05602	0.307802
25 <pt<30 	4<chiso range<11 	71.4077	26.058	45.2634	21.7126	48.9999	1.37738	0.40107
25 <pt<30 	4<chiso range<12 	71.4077	26.058	45.2634	21.7639	48.8538	1.36051	0.385888
25 <pt<30 	4<chiso range<13 	71.4077	26.058	45.2634	22.059	48.5923	1.2493	0.356846
25 <pt<30 	5<chiso range<10 	71.4077	26.058	45.2634	22.135	48.7295	1.21614	0.369965
25 <pt<30 	5<chiso range<11 	71.4077	26.058	45.2634	21.1471	49.6632	1.595	0.473313
25 <pt<30 	5<chiso range<12 	71.4077	26.058	45.2634	21.2692	49.4135	1.55041	0.447065
25 <pt<30 	5<chiso range<13 	71.4077	26.058	45.2634	21.6421	49.0781	1.40409	0.409618
25 <pt<30 	6<chiso range<11 	71.4077	26.058	45.2634	22.1005	48.7669	1.22856	0.373988
25 <pt<30 	6<chiso range<12 	71.4077	26.058	45.2634	22.1284	48.5706	1.22249	0.35401
25 <pt<30 	6<chiso range<13 	71.4077	26.058	45.2634	22.5357	48.208	1.07512	0.314061
25 <pt<30 	7<chiso range<12 	71.4077	26.058	45.2634	20.6483	50.1566	1.79923	0.528144
25 <pt<30 	7<chiso range<13 	71.4077	26.058	45.2634	21.2598	49.5927	1.54868	0.464967
25 <pt<30 	8<chiso range<13 	71.4077	26.058	45.2634	20.8204	49.8028	1.73413	0.490984
#######################################################################################
30 <pt<35 	3<chiso range<8 	44.8924	16.0508	28.7857	12.6332	31.9154	1.34317	0.429888
30 <pt<35 	3<chiso range<9 	44.8924	16.0508	28.7857	12.0123	32.5504	1.66746	0.520564
30 <pt<35 	3<chiso range<10 	44.8924	16.0508	28.7857	11.9656	32.5922	1.69361	0.526702
30 <pt<35 	3<chiso range<11 	44.8924	16.0508	28.7857	12.1659	32.4379	1.58148	0.50352
30 <pt<35 	3<chiso range<12 	44.8924	16.0508	28.7857	11.7791	32.8479	1.79388	0.562098
30 <pt<35 	3<chiso range<13 	44.8924	16.0508	28.7857	11.3505	33.2708	2.04826	0.623688
30 <pt<35 	4<chiso range<9 	44.8924	16.0508	28.7857	12.501	32.1087	1.40641	0.456298
30 <pt<35 	4<chiso range<10 	44.8924	16.0508	28.7857	12.3764	32.2202	1.47103	0.472474
30 <pt<35 	4<chiso range<11 	44.8924	16.0508	28.7857	12.5726	32.0773	1.36815	0.451072
30 <pt<35 	4<chiso range<12 	44.8924	16.0508	28.7857	12.0751	32.598	1.6261	0.525039
30 <pt<35 	4<chiso range<13 	44.8924	16.0508	28.7857	11.5556	33.1072	1.92129	0.598844
30 <pt<35 	5<chiso range<10 	44.8924	16.0508	28.7857	12.2172	32.5418	1.54481	0.515157
30 <pt<35 	5<chiso range<11 	44.8924	16.0508	28.7857	12.4749	32.336	1.40865	0.484731
30 <pt<35 	5<chiso range<12 	44.8924	16.0508	28.7857	11.8878	32.9356	1.71924	0.570218
30 <pt<35 	5<chiso range<13 	44.8924	16.0508	28.7857	11.2863	33.5136	2.07352	0.65449
30 <pt<35 	6<chiso range<11 	44.8924	16.0508	28.7857	12.1767	32.6521	1.56206	0.529447
30 <pt<35 	6<chiso range<12 	44.8924	16.0508	28.7857	11.5526	33.2886	1.90987	0.620775
30 <pt<35 	6<chiso range<13 	44.8924	16.0508	28.7857	10.8994	33.8946	2.31978	0.710279
30 <pt<35 	7<chiso range<12 	44.8924	16.0508	28.7857	9.653	35.3189	3.2311	0.916078
30 <pt<35 	7<chiso range<13 	44.8924	16.0508	28.7857	9.05428	35.8561	3.77285	0.999059
30 <pt<35 	8<chiso range<13 	44.8924	16.0508	28.7857	9.38598	35.3769	3.48925	0.932061
#######################################################################################
35 <pt<50 	3<chiso range<8 	65.455	17.3003	48.0683	14.497	50.8484	0.883973	0.312652
35 <pt<50 	3<chiso range<9 	65.455	17.3003	48.0683	13.1079	52.3165	1.45815	0.483804
35 <pt<50 	3<chiso range<10 	65.455	17.3003	48.0683	13.0051	52.404	1.50667	0.494465
35 <pt<50 	3<chiso range<11 	65.455	17.3003	48.0683	12.6441	52.787	1.67816	0.539799
35 <pt<50 	3<chiso range<12 	65.455	17.3003	48.0683	12.7521	52.6465	1.62763	0.523559
35 <pt<50 	3<chiso range<13 	65.455	17.3003	48.0683	12.1961	53.1694	1.91224	0.586991
35 <pt<50 	4<chiso range<9 	65.455	17.3003	48.0683	12.7728	52.7848	1.60669	0.537268
35 <pt<50 	4<chiso range<10 	65.455	17.3003	48.0683	12.7008	52.8142	1.6445	0.541555
35 <pt<50 	4<chiso range<11 	65.455	17.3003	48.0683	12.3009	53.2284	1.84417	0.590952
35 <pt<50 	4<chiso range<12 	65.455	17.3003	48.0683	12.4624	53.0166	1.76535	0.566449
35 <pt<50 	4<chiso range<13 	65.455	17.3003	48.0683	11.841	53.5886	2.1007	0.636487
35 <pt<50 	5<chiso range<10 	65.455	17.3003	48.0683	11.7548	53.628	2.15382	0.642255
35 <pt<50 	5<chiso range<11 	65.455	17.3003	48.0683	11.4237	53.9936	2.34493	0.686119
35 <pt<50 	5<chiso range<12 	65.455	17.3003	48.0683	11.7021	53.6722	2.18477	0.647792
35 <pt<50 	5<chiso range<13 	65.455	17.3003	48.0683	11.0777	54.2548	2.56942	0.720004
35 <pt<50 	6<chiso range<11 	65.455	17.3003	48.0683	9.74215	55.6622	3.5357	0.892895
35 <pt<50 	6<chiso range<12 	65.455	17.3003	48.0683	10.2553	55.104	3.13753	0.82438
35 <pt<50 	6<chiso range<13 	65.455	17.3003	48.0683	9.7509	55.5628	3.54211	0.882817
35 <pt<50 	7<chiso range<12 	65.455	17.3003	48.0683	11.4935	53.8675	2.30856	0.671922
35 <pt<50 	7<chiso range<13 	65.455	17.3003	48.0683	10.6619	54.6438	2.85084	0.768605
35 <pt<50 	8<chiso range<13 	65.455	17.3003	48.0683	9.26249	56.0725	3.96541	0.946291
#######################################################################################
50 <pt<60 	3<chiso range<8 	18.8258	4.75256	14.0272	1.97261	12.3032	0.871846	0.166525
50 <pt<60 	3<chiso range<9 	18.8258	4.75256	14.0272	2.61935	16.1553	1.91682	0.479505
50 <pt<60 	3<chiso range<10 	18.8258	4.75256	14.0272	2.72646	16.071	1.74342	0.458279
50 <pt<60 	3<chiso range<11 	18.8258	4.75256	14.0272	2.62698	16.1553	1.90203	0.479124
50 <pt<60 	3<chiso range<12 	18.8258	4.75256	14.0272	2.87574	15.924	1.53177	0.423314
50 <pt<60 	3<chiso range<13 	18.8258	4.75256	14.0272	3.32182	15.4576	1.0164	0.315196
50 <pt<60 	4<chiso range<9 	18.8258	4.75256	14.0272	2.79645	15.9564	1.65399	0.433126
50 <pt<60 	4<chiso range<10 	18.8258	4.75256	14.0272	2.88429	15.8987	1.52457	0.41809
50 <pt<60 	4<chiso range<11 	18.8258	4.75256	14.0272	2.74719	16.0212	1.7211	0.447803
50 <pt<60 	4<chiso range<12 	18.8258	4.75256	14.0272	3.02675	15.7612	1.34186	0.385506
50 <pt<60 	4<chiso range<13 	18.8258	4.75256	14.0272	3.53535	15.2298	0.815103	0.263405
50 <pt<60 	5<chiso range<10 	18.8258	4.75256	14.0272	2.86651	15.9403	1.54231	0.426838
50 <pt<60 	5<chiso range<11 	18.8258	4.75256	14.0272	2.69874	16.0846	1.78932	0.462185
50 <pt<60 	5<chiso range<12 	18.8258	4.75256	14.0272	3.04543	15.7619	1.31502	0.384844
50 <pt<60 	5<chiso range<13 	18.8258	4.75256	14.0272	3.66555	15.1113	0.701048	0.236144
50 <pt<60 	6<chiso range<11 	18.8258	4.75256	14.0272	3.07732	15.7209	1.27921	0.375631
50 <pt<60 	6<chiso range<12 	18.8258	4.75256	14.0272	3.44709	15.3768	0.887525	0.29504
50 <pt<60 	6<chiso range<13 	18.8258	4.75256	14.0272	4.17039	14.5967	0.330454	0.121838
50 <pt<60 	7<chiso range<12 	18.8258	4.75256	14.0272	3.60057	15.215	0.75129	0.258461
50 <pt<60 	7<chiso range<13 	18.8258	4.75256	14.0272	4.4891	14.2692	0.139429	0.051201
50 <pt<60 	8<chiso range<13 	18.8258	4.75256	14.0272	4.37519	14.3667	0.205321	0.0722508
#######################################################################################
60 <pt<400 	3<chiso range<8 	31.5216	4.1047	27.3737	2.12697	29.1541	1.7055	0.319086
60 <pt<400 	3<chiso range<9 	31.5216	4.1047	27.3737	2.5266	28.7668	1.14381	0.24673
60 <pt<400 	3<chiso range<10 	31.5216	4.1047	27.3737	2.60457	28.6919	1.05369	0.232886
60 <pt<400 	3<chiso range<11 	31.5216	4.1047	27.3737	2.58315	28.7126	1.0779	0.236704
60 <pt<400 	3<chiso range<12 	31.5216	4.1047	27.3737	2.43306	28.8752	1.25328	0.266431
60 <pt<400 	3<chiso range<13 	31.5216	4.1047	27.3737	2.35875	28.9383	1.35322	0.278391
60 <pt<400 	4<chiso range<9 	31.5216	4.1047	27.3737	3.19879	28.0659	0.519712	0.120242
60 <pt<400 	4<chiso range<10 	31.5216	4.1047	27.3737	3.20821	28.0628	0.512037	0.119615
60 <pt<400 	4<chiso range<11 	31.5216	4.1047	27.3737	3.08988	28.1728	0.601938	0.139318
60 <pt<400 	4<chiso range<12 	31.5216	4.1047	27.3737	2.85271	28.4057	0.801243	0.181316
60 <pt<400 	4<chiso range<13 	31.5216	4.1047	27.3737	2.72731	28.5077	0.924479	0.200287
60 <pt<400 	5<chiso range<10 	31.5216	4.1047	27.3737	3.1387	28.1278	0.563992	0.131234
60 <pt<400 	5<chiso range<11 	31.5216	4.1047	27.3737	3.01396	28.2428	0.663326	0.151945
60 <pt<400 	5<chiso range<12 	31.5216	4.1047	27.3737	2.75354	28.4966	0.89546	0.19799
60 <pt<400 	5<chiso range<13 	31.5216	4.1047	27.3737	2.61733	28.6796	1.03947	0.230629
60 <pt<400 	6<chiso range<11 	31.5216	4.1047	27.3737	3.05898	28.1943	0.627676	0.143294
60 <pt<400 	6<chiso range<12 	31.5216	4.1047	27.3737	2.74261	28.5034	0.906972	0.199304
60 <pt<400 	6<chiso range<13 	31.5216	4.1047	27.3737	2.58527	28.7082	1.07613	0.235941
60 <pt<400 	7<chiso range<12 	31.5216	4.1047	27.3737	2.90513	28.4161	0.742671	0.182123
60 <pt<400 	7<chiso range<13 	31.5216	4.1047	27.3737	2.70391	28.5681	0.938804	0.210642
60 <pt<400 	8<chiso range<13 	31.5216	4.1047	27.3737	2.69056	28.5639	0.956359	0.210207
#######################################################################################
