pt range	chiso range	DataNumber	FakeNumber	TrueNumber	fitFake_number	fitTrue_number	closureFake_test	closureTrue_test
#######################################################################################
20 <pt<25 	3<chiso range<8 	40.6275	16.0311	24.542	15.3868	25.5518	0.172712	0.132028
20 <pt<25 	3<chiso range<9 	40.6275	16.0311	24.542	15.1611	25.8306	0.236832	0.169284
20 <pt<25 	3<chiso range<10 	40.6275	16.0311	24.542	15.2016	25.7077	0.225663	0.153308
20 <pt<25 	3<chiso range<11 	40.6275	16.0311	24.542	14.8692	26.0001	0.324045	0.193192
20 <pt<25 	3<chiso range<12 	40.6275	16.0311	24.542	14.2233	26.6051	0.527295	0.276569
20 <pt<25 	3<chiso range<13 	40.6275	16.0311	24.542	14.2409	26.6015	0.521234	0.275904
20 <pt<25 	4<chiso range<9 	40.6275	16.0311	24.542	14.5605	26.407	0.416375	0.247378
20 <pt<25 	4<chiso range<10 	40.6275	16.0311	24.542	14.6506	26.268	0.389383	0.228942
20 <pt<25 	4<chiso range<11 	40.6275	16.0311	24.542	14.3447	26.4878	0.487517	0.26016
20 <pt<25 	4<chiso range<12 	40.6275	16.0311	24.542	13.6508	27.1426	0.723465	0.352079
20 <pt<25 	4<chiso range<13 	40.6275	16.0311	24.542	13.7125	27.0985	0.701096	0.345599
20 <pt<25 	5<chiso range<10 	40.6275	16.0311	24.542	14.3199	26.6636	0.491342	0.281946
20 <pt<25 	5<chiso range<11 	40.6275	16.0311	24.542	13.9952	26.871	0.601318	0.312497
20 <pt<25 	5<chiso range<12 	40.6275	16.0311	24.542	13.2105	27.6074	0.883561	0.417295
20 <pt<25 	5<chiso range<13 	40.6275	16.0311	24.542	13.3205	27.5155	0.841605	0.403879
20 <pt<25 	6<chiso range<11 	40.6275	16.0311	24.542	13.9152	26.8973	0.62989	0.316915
20 <pt<25 	6<chiso range<12 	40.6275	16.0311	24.542	12.976	27.7894	0.97627	0.444435
20 <pt<25 	6<chiso range<13 	40.6275	16.0311	24.542	13.1315	27.659	0.914813	0.42522
20 <pt<25 	7<chiso range<12 	40.6275	16.0311	24.542	12.9469	27.7027	0.993295	0.434469
20 <pt<25 	7<chiso range<13 	40.6275	16.0311	24.542	13.1496	27.541	0.912182	0.410349
20 <pt<25 	8<chiso range<13 	40.6275	16.0311	24.542	12.5803	28.0939	1.14532	0.492256
#######################################################################################
25 <pt<30 	3<chiso range<8 	24.2669	9.08246	15.1505	8.26743	15.8919	0.262971	0.1274
25 <pt<30 	3<chiso range<9 	24.2669	9.08246	15.1505	7.66131	16.5124	0.493734	0.238957
25 <pt<30 	3<chiso range<10 	24.2669	9.08246	15.1505	7.70922	16.4794	0.473307	0.232504
25 <pt<30 	3<chiso range<11 	24.2669	9.08246	15.1505	7.13731	17.0446	0.723456	0.337908
25 <pt<30 	3<chiso range<12 	24.2669	9.08246	15.1505	7.01171	17.1685	0.782333	0.360895
25 <pt<30 	3<chiso range<13 	24.2669	9.08246	15.1505	6.66845	17.5226	0.955869	0.428247
25 <pt<30 	4<chiso range<9 	24.2669	9.08246	15.1505	7.5635	16.6077	0.532585	0.255678
25 <pt<30 	4<chiso range<10 	24.2669	9.08246	15.1505	7.63847	16.5507	0.500589	0.244824
25 <pt<30 	4<chiso range<11 	24.2669	9.08246	15.1505	6.99128	17.1902	0.791751	0.3648
25 <pt<30 	4<chiso range<12 	24.2669	9.08246	15.1505	6.85794	17.325	0.856837	0.390017
25 <pt<30 	4<chiso range<13 	24.2669	9.08246	15.1505	6.48926	17.7075	1.05217	0.463403
25 <pt<30 	5<chiso range<10 	24.2669	9.08246	15.1505	6.96785	17.2694	0.802551	0.379714
25 <pt<30 	5<chiso range<11 	24.2669	9.08246	15.1505	6.34972	17.8659	1.13816	0.496728
25 <pt<30 	5<chiso range<12 	24.2669	9.08246	15.1505	6.27925	17.9081	1.17807	0.504914
25 <pt<30 	5<chiso range<13 	24.2669	9.08246	15.1505	5.9527	18.2361	1.38276	0.569807
25 <pt<30 	6<chiso range<11 	24.2669	9.08246	15.1505	6.21792	17.9748	1.2233	0.521094
25 <pt<30 	6<chiso range<12 	24.2669	9.08246	15.1505	6.1402	18.0415	1.26755	0.53289
25 <pt<30 	6<chiso range<13 	24.2669	9.08246	15.1505	5.78917	18.3927	1.49837	0.602711
25 <pt<30 	7<chiso range<12 	24.2669	9.08246	15.1505	5.49728	18.6946	1.71449	0.663702
25 <pt<30 	7<chiso range<13 	24.2669	9.08246	15.1505	5.18885	19.0148	1.96478	0.728771
25 <pt<30 	8<chiso range<13 	24.2669	9.08246	15.1505	5.05427	19.1583	2.08181	0.75785
#######################################################################################
30 <pt<40 	3<chiso range<8 	24.6736	6.87837	17.7613	5.65392	18.996	0.497869	0.224206
30 <pt<40 	3<chiso range<9 	24.6736	6.87837	17.7613	5.61369	19.0229	0.518658	0.229575
30 <pt<40 	3<chiso range<10 	24.6736	6.87837	17.7613	5.31229	19.3286	0.677432	0.288168
30 <pt<40 	3<chiso range<11 	24.6736	6.87837	17.7613	5.25566	19.3864	0.709229	0.299369
30 <pt<40 	3<chiso range<12 	24.6736	6.87837	17.7613	5.04819	19.5883	0.832926	0.339157
30 <pt<40 	3<chiso range<13 	24.6736	6.87837	17.7613	4.80765	19.8232	0.989577	0.386088
30 <pt<40 	4<chiso range<9 	24.6736	6.87837	17.7613	5.63038	18.9961	0.511348	0.22481
30 <pt<40 	4<chiso range<10 	24.6736	6.87837	17.7613	5.28245	19.3495	0.69526	0.29255
30 <pt<40 	4<chiso range<11 	24.6736	6.87837	17.7613	5.22227	19.4122	0.729383	0.304696
30 <pt<40 	4<chiso range<12 	24.6736	6.87837	17.7613	4.99484	19.6344	0.867351	0.348586
30 <pt<40 	4<chiso range<13 	24.6736	6.87837	17.7613	4.73473	19.8891	1.04127	0.399656
30 <pt<40 	5<chiso range<10 	24.6736	6.87837	17.7613	5.5487	19.0842	0.551916	0.241372
30 <pt<40 	5<chiso range<11 	24.6736	6.87837	17.7613	5.42953	19.2067	0.614074	0.264804
30 <pt<40 	5<chiso range<12 	24.6736	6.87837	17.7613	5.12457	19.5053	0.787563	0.323125
30 <pt<40 	5<chiso range<13 	24.6736	6.87837	17.7613	4.80017	19.8236	0.996141	0.386548
30 <pt<40 	6<chiso range<11 	24.6736	6.87837	17.7613	5.38088	19.253	0.640479	0.273782
30 <pt<40 	6<chiso range<12 	24.6736	6.87837	17.7613	5.02945	19.5974	0.845971	0.34135
30 <pt<40 	6<chiso range<13 	24.6736	6.87837	17.7613	4.66862	19.951	1.08898	0.412299
30 <pt<40 	7<chiso range<12 	24.6736	6.87837	17.7613	4.42294	20.2013	1.27474	0.46293
30 <pt<40 	7<chiso range<13 	24.6736	6.87837	17.7613	4.11494	20.4975	1.54212	0.524537
30 <pt<40 	8<chiso range<13 	24.6736	6.87837	17.7613	3.93578	20.67	1.71683	0.560905
#######################################################################################
40 <pt<50 	3<chiso range<8 	12.3426	2.94456	9.39126	2.15147	10.165	0.476359	0.210722
40 <pt<50 	3<chiso range<9 	12.3426	2.94456	9.39126	2.06705	10.2466	0.547076	0.234639
40 <pt<50 	3<chiso range<10 	12.3426	2.94456	9.39126	2.0697	10.2461	0.544969	0.234558
40 <pt<50 	3<chiso range<11 	12.3426	2.94456	9.39126	2.1085	10.2089	0.512402	0.223747
40 <pt<50 	3<chiso range<12 	12.3426	2.94456	9.39126	2.04679	10.2679	0.56617	0.241271
40 <pt<50 	3<chiso range<13 	12.3426	2.94456	9.39126	2.00471	10.308	0.605156	0.253403
40 <pt<50 	4<chiso range<9 	12.3426	2.94456	9.39126	1.98668	10.3243	0.61953	0.257683
40 <pt<50 	4<chiso range<10 	12.3426	2.94456	9.39126	2.00283	10.3107	0.604646	0.253679
40 <pt<50 	4<chiso range<11 	12.3426	2.94456	9.39126	2.05507	10.2602	0.55822	0.238839
40 <pt<50 	4<chiso range<12 	12.3426	2.94456	9.39126	1.98928	10.3229	0.618637	0.257647
40 <pt<50 	4<chiso range<13 	12.3426	2.94456	9.39126	1.9486	10.3614	0.65859	0.269443
40 <pt<50 	5<chiso range<10 	12.3426	2.94456	9.39126	2.04856	10.2688	0.561477	0.240791
40 <pt<50 	5<chiso range<11 	12.3426	2.94456	9.39126	2.10883	10.2093	0.510688	0.223506
40 <pt<50 	5<chiso range<12 	12.3426	2.94456	9.39126	2.02302	10.2913	0.586266	0.247925
40 <pt<50 	5<chiso range<13 	12.3426	2.94456	9.39126	1.97029	10.3411	0.636636	0.263108
40 <pt<50 	6<chiso range<11 	12.3426	2.94456	9.39126	2.04347	10.2731	0.566798	0.242262
40 <pt<50 	6<chiso range<12 	12.3426	2.94456	9.39126	1.94306	10.3686	0.661676	0.271082
40 <pt<50 	6<chiso range<13 	12.3426	2.94456	9.39126	1.89171	10.4165	0.715096	0.285967
40 <pt<50 	7<chiso range<12 	12.3426	2.94456	9.39126	1.76252	10.5788	0.862507	0.334865
40 <pt<50 	7<chiso range<13 	12.3426	2.94456	9.39126	1.73952	10.5996	0.891968	0.341613
40 <pt<50 	8<chiso range<13 	12.3426	2.94456	9.39126	1.82893	10.5089	0.787335	0.313628
#######################################################################################
50 <pt<65 	3<chiso range<8 	8.80346	1.19074	7.61272	1.42382	7.34496	0.173272	0.0898023
50 <pt<65 	3<chiso range<9 	8.80346	1.19074	7.61272	1.56474	7.2075	0.254401	0.133289
50 <pt<65 	3<chiso range<10 	8.80346	1.19074	7.61272	1.52638	7.24728	0.233529	0.120847
50 <pt<65 	3<chiso range<11 	8.80346	1.19074	7.61272	1.45016	7.32147	0.18925	0.097286
50 <pt<65 	3<chiso range<12 	8.80346	1.19074	7.61272	1.4251	7.34723	0.173622	0.088956
50 <pt<65 	3<chiso range<13 	8.80346	1.19074	7.61272	1.36274	7.40755	0.133061	0.0693414
50 <pt<65 	4<chiso range<9 	8.80346	1.19074	7.61272	1.59798	7.17624	0.271405	0.142879
50 <pt<65 	4<chiso range<10 	8.80346	1.19074	7.61272	1.55253	7.22218	0.247508	0.128621
50 <pt<65 	4<chiso range<11 	8.80346	1.19074	7.61272	1.46331	7.30983	0.196908	0.100945
50 <pt<65 	4<chiso range<12 	8.80346	1.19074	7.61272	1.43447	7.33924	0.179222	0.0914747
50 <pt<65 	4<chiso range<13 	8.80346	1.19074	7.61272	1.36643	7.40444	0.135467	0.070343
50 <pt<65 	5<chiso range<10 	8.80346	1.19074	7.61272	1.45357	7.31642	0.19161	0.0989881
50 <pt<65 	5<chiso range<11 	8.80346	1.19074	7.61272	1.3639	7.40693	0.133833	0.06957
50 <pt<65 	5<chiso range<12 	8.80346	1.19074	7.61272	1.34888	7.44246	0.123422	0.0575232
50 <pt<65 	5<chiso range<13 	8.80346	1.19074	7.61272	1.28595	7.50336	0.0779349	0.0372786
50 <pt<65 	6<chiso range<11 	8.80346	1.19074	7.61272	1.23496	7.55738	0.0375153	0.0189728
50 <pt<65 	6<chiso range<12 	8.80346	1.19074	7.61272	1.24145	7.55594	0.042811	0.0194365
50 <pt<65 	6<chiso range<13 	8.80346	1.19074	7.61272	1.18799	7.60431	0.00242738	0.00290158
50 <pt<65 	7<chiso range<12 	8.80346	1.19074	7.61272	1.36867	7.40696	0.136428	0.0693921
50 <pt<65 	7<chiso range<13 	8.80346	1.19074	7.61272	1.28577	7.50511	0.0776516	0.0366574
50 <pt<65 	8<chiso range<13 	8.80346	1.19074	7.61272	1.30122	7.49007	0.0892076	0.0416851
#######################################################################################
65 <pt<400 	3<chiso range<8 	12.6193	1.1636	11.4489	1.90249	6.64481	0.240271	0.859191
65 <pt<400 	3<chiso range<9 	12.6193	1.1636	11.4489	0.93767	11.6769	0.196723	0.0689057
65 <pt<400 	3<chiso range<10 	12.6193	1.1636	11.4489	0.899998	11.7188	0.238448	0.0819685
65 <pt<400 	3<chiso range<11 	12.6193	1.1636	11.4489	0.92953	11.6851	0.205758	0.0714536
65 <pt<400 	3<chiso range<12 	12.6193	1.1636	11.4489	0.880471	11.737	0.261924	0.0877551
65 <pt<400 	3<chiso range<13 	12.6193	1.1636	11.4489	0.84778	11.7698	0.302779	0.0982337
65 <pt<400 	4<chiso range<9 	12.6193	1.1636	11.4489	0.80474	11.8008	0.361501	0.10858
65 <pt<400 	4<chiso range<10 	12.6193	1.1636	11.4489	0.788477	11.8292	0.385398	0.117491
65 <pt<400 	4<chiso range<11 	12.6193	1.1636	11.4489	0.833615	11.783	0.322106	0.102524
65 <pt<400 	4<chiso range<12 	12.6193	1.1636	11.4489	0.792301	11.824	0.380351	0.115826
65 <pt<400 	4<chiso range<13 	12.6193	1.1636	11.4489	0.772474	11.8442	0.41021	0.122433
65 <pt<400 	5<chiso range<10 	12.6193	1.1636	11.4489	0.76909	11.8523	0.412758	0.124949
65 <pt<400 	5<chiso range<11 	12.6193	1.1636	11.4489	0.825073	11.7939	0.332489	0.105967
65 <pt<400 	5<chiso range<12 	12.6193	1.1636	11.4489	0.77894	11.8395	0.399232	0.120831
65 <pt<400 	5<chiso range<13 	12.6193	1.1636	11.4489	0.759293	11.8592	0.429885	0.127315
65 <pt<400 	6<chiso range<11 	12.6193	1.1636	11.4489	0.88487	11.731	0.257231	0.0858909
65 <pt<400 	6<chiso range<12 	12.6193	1.1636	11.4489	0.82167	11.7938	0.338628	0.106024
65 <pt<400 	6<chiso range<13 	12.6193	1.1636	11.4489	0.790488	11.8255	0.383134	0.11632
65 <pt<400 	7<chiso range<12 	12.6193	1.1636	11.4489	0.906229	11.7087	0.231845	0.0788396
65 <pt<400 	7<chiso range<13 	12.6193	1.1636	11.4489	0.845599	11.7714	0.305726	0.0987534
65 <pt<400 	8<chiso range<13 	12.6193	1.1636	11.4489	0.877905	11.7413	0.264268	0.0890589
#######################################################################################
