pt range	chiso range	DataNumber	FakeNumber	TrueNumber	fitFake_number	fitTrue_number	closureFake_test	closureTrue_test
#######################################################################################
20 <pt<25 	3<chiso range<8 	211.068	58.8748	75.5547	73.7209	124.502	2.23092	3.08695
20 <pt<25 	3<chiso range<9 	211.068	58.8748	75.5547	68.8996	128.899	1.61463	3.41133
20 <pt<25 	3<chiso range<10 	211.068	58.8748	75.5547	70.6373	127.261	1.84589	3.28787
20 <pt<25 	3<chiso range<11 	211.068	58.8748	75.5547	68.0117	129.68	1.49103	3.46895
20 <pt<25 	3<chiso range<12 	211.068	58.8748	75.5547	69.9483	128.054	1.75321	3.34127
20 <pt<25 	3<chiso range<13 	211.068	58.8748	75.5547	67.8347	130.153	1.46275	3.49402
20 <pt<25 	4<chiso range<9 	211.068	58.8748	75.5547	67.0103	130.874	1.34563	3.55043
20 <pt<25 	4<chiso range<10 	211.068	58.8748	75.5547	69.2846	128.768	1.66383	3.39288
20 <pt<25 	4<chiso range<11 	211.068	58.8748	75.5547	66.4404	131.403	1.26332	3.59356
20 <pt<25 	4<chiso range<12 	211.068	58.8748	75.5547	68.7679	129.406	1.59177	3.43573
20 <pt<25 	4<chiso range<13 	211.068	58.8748	75.5547	66.4798	131.714	1.26624	3.60622
20 <pt<25 	5<chiso range<10 	211.068	58.8748	75.5547	63.6057	134.286	0.824392	3.80226
20 <pt<25 	5<chiso range<11 	211.068	58.8748	75.5547	61.2974	136.382	0.438928	3.96799
20 <pt<25 	5<chiso range<12 	211.068	58.8748	75.5547	64.4075	133.658	0.951062	3.75066
20 <pt<25 	5<chiso range<13 	211.068	58.8748	75.5547	62.3167	135.781	0.611731	3.91009
20 <pt<25 	6<chiso range<11 	211.068	58.8748	75.5547	59.5138	138.078	0.119358	4.10005
20 <pt<25 	6<chiso range<12 	211.068	58.8748	75.5547	63.2857	134.747	0.771983	3.8333
20 <pt<25 	6<chiso range<13 	211.068	58.8748	75.5547	61.0524	137.033	0.395221	4.00588
20 <pt<25 	7<chiso range<12 	211.068	58.8748	75.5547	66.0995	132.251	1.21001	3.64632
20 <pt<25 	7<chiso range<13 	211.068	58.8748	75.5547	62.9801	135.443	0.722248	3.88681
20 <pt<25 	8<chiso range<13 	211.068	58.8748	75.5547	60.7999	137.557	0.351505	4.05427
#######################################################################################
25 <pt<30 	3<chiso range<8 	116.148	26.0812	45.8338	32.7675	78.5311	1.37435	2.77811
25 <pt<30 	3<chiso range<9 	116.148	26.0812	45.8338	30.1508	81.3096	0.905916	3.05142
25 <pt<30 	3<chiso range<10 	116.148	26.0812	45.8338	29.7221	81.6605	0.823359	3.09187
25 <pt<30 	3<chiso range<11 	116.148	26.0812	45.8338	29.3719	82.1225	0.751866	3.13493
25 <pt<30 	3<chiso range<12 	116.148	26.0812	45.8338	29.1047	82.2489	0.698794	3.15506
25 <pt<30 	3<chiso range<13 	116.148	26.0812	45.8338	29.4351	81.8135	0.767936	3.11577
25 <pt<30 	4<chiso range<9 	116.148	26.0812	45.8338	29.093	82.3603	0.695139	3.16126
25 <pt<30 	4<chiso range<10 	116.148	26.0812	45.8338	28.7283	82.6608	0.619838	3.19793
25 <pt<30 	4<chiso range<11 	116.148	26.0812	45.8338	28.4173	83.1573	0.552387	3.2462
25 <pt<30 	4<chiso range<12 	116.148	26.0812	45.8338	28.2204	83.1609	0.51047	3.25322
25 <pt<30 	4<chiso range<13 	116.148	26.0812	45.8338	28.6668	82.5827	0.608521	3.1987
25 <pt<30 	5<chiso range<10 	116.148	26.0812	45.8338	27.8214	83.4868	0.421092	3.28635
25 <pt<30 	5<chiso range<11 	116.148	26.0812	45.8338	27.6134	83.8889	0.372872	3.32281
25 <pt<30 	5<chiso range<12 	116.148	26.0812	45.8338	27.4613	83.8435	0.338609	3.32619
25 <pt<30 	5<chiso range<13 	116.148	26.0812	45.8338	28.0323	83.1403	0.469968	3.25929
25 <pt<30 	6<chiso range<11 	116.148	26.0812	45.8338	26.7711	84.9705	0.173308	3.43884
25 <pt<30 	6<chiso range<12 	116.148	26.0812	45.8338	26.7331	84.6873	0.164385	3.41641
25 <pt<30 	6<chiso range<13 	116.148	26.0812	45.8338	27.4841	83.7478	0.34485	3.32454
25 <pt<30 	7<chiso range<12 	116.148	26.0812	45.8338	21.8872	89.5133	1.2894	3.92579
25 <pt<30 	7<chiso range<13 	116.148	26.0812	45.8338	23.3025	87.9122	0.804767	3.76288
25 <pt<30 	8<chiso range<13 	116.148	26.0812	45.8338	25.2475	86.0222	0.222916	3.56204
#######################################################################################
30 <pt<40 	3<chiso range<8 	114.171	19.5424	52.8212	26.8754	83.8208	1.62097	2.68276
30 <pt<40 	3<chiso range<9 	114.171	19.5424	52.8212	25.3811	85.4499	1.36181	2.8423
30 <pt<40 	3<chiso range<10 	114.171	19.5424	52.8212	25.1164	85.6237	1.3168	2.86585
30 <pt<40 	3<chiso range<11 	114.171	19.5424	52.8212	25.1401	85.5657	1.32233	2.86188
30 <pt<40 	3<chiso range<12 	114.171	19.5424	52.8212	25.1193	85.6279	1.31706	2.86581
30 <pt<40 	3<chiso range<13 	114.171	19.5424	52.8212	24.3606	86.4282	1.17215	2.94736
30 <pt<40 	4<chiso range<9 	114.171	19.5424	52.8212	26.6487	84.1767	1.57772	2.7103
30 <pt<40 	4<chiso range<10 	114.171	19.5424	52.8212	26.0992	84.6539	1.49025	2.76417
30 <pt<40 	4<chiso range<11 	114.171	19.5424	52.8212	26.0155	84.6958	1.47753	2.77098
30 <pt<40 	4<chiso range<12 	114.171	19.5424	52.8212	25.8863	84.8751	1.45351	2.78681
30 <pt<40 	4<chiso range<13 	114.171	19.5424	52.8212	24.9648	85.8454	1.28683	2.88555
30 <pt<40 	5<chiso range<10 	114.171	19.5424	52.8212	27.8467	82.9507	1.77077	2.58865
30 <pt<40 	5<chiso range<11 	114.171	19.5424	52.8212	27.5084	83.2447	1.72142	2.62125
30 <pt<40 	5<chiso range<12 	114.171	19.5424	52.8212	27.2099	83.4948	1.67274	2.64715
30 <pt<40 	5<chiso range<13 	114.171	19.5424	52.8212	26.0117	84.7793	1.47398	2.7751
30 <pt<40 	6<chiso range<11 	114.171	19.5424	52.8212	28.2872	82.4993	1.83714	2.54438
30 <pt<40 	6<chiso range<12 	114.171	19.5424	52.8212	27.7423	83.093	1.75282	2.60027
30 <pt<40 	6<chiso range<13 	114.171	19.5424	52.8212	26.3034	84.5264	1.52186	2.74658
30 <pt<40 	7<chiso range<12 	114.171	19.5424	52.8212	26.3013	84.43	1.52798	2.74637
30 <pt<40 	7<chiso range<13 	114.171	19.5424	52.8212	24.7968	85.9753	1.25686	2.90187
30 <pt<40 	8<chiso range<13 	114.171	19.5424	52.8212	21.7069	89.1527	0.589602	3.2307
#######################################################################################
40 <pt<50 	3<chiso range<8 	54.4232	7.45045	28.6585	9.07739	43.265	0.641604	1.9116
40 <pt<50 	3<chiso range<9 	54.4232	7.45045	28.6585	9.30385	42.9515	0.716329	1.86791
40 <pt<50 	3<chiso range<10 	54.4232	7.45045	28.6585	9.21733	43.0506	0.689958	1.88467
40 <pt<50 	3<chiso range<11 	54.4232	7.45045	28.6585	9.01493	43.2849	0.623425	1.91914
40 <pt<50 	3<chiso range<12 	54.4232	7.45045	28.6585	9.27284	43.048	0.705205	1.88043
40 <pt<50 	3<chiso range<13 	54.4232	7.45045	28.6585	9.26466	43.0603	0.701933	1.88107
40 <pt<50 	4<chiso range<9 	54.4232	7.45045	28.6585	9.37368	42.839	0.738233	1.85104
40 <pt<50 	4<chiso range<10 	54.4232	7.45045	28.6585	9.26924	42.9547	0.706518	1.87008
40 <pt<50 	4<chiso range<11 	54.4232	7.45045	28.6585	9.02767	43.2368	0.627607	1.91152
40 <pt<50 	4<chiso range<12 	54.4232	7.45045	28.6585	9.32358	42.9681	0.720781	1.86769
40 <pt<50 	4<chiso range<13 	54.4232	7.45045	28.6585	9.30989	42.9898	0.715786	1.86973
40 <pt<50 	5<chiso range<10 	54.4232	7.45045	28.6585	9.27745	42.9878	0.709542	1.87609
40 <pt<50 	5<chiso range<11 	54.4232	7.45045	28.6585	8.97529	43.3366	0.610334	1.92734
40 <pt<50 	5<chiso range<12 	54.4232	7.45045	28.6585	9.33731	43.0024	0.724795	1.87273
40 <pt<50 	5<chiso range<13 	54.4232	7.45045	28.6585	9.32133	43.0224	0.71887	1.8741
40 <pt<50 	6<chiso range<11 	54.4232	7.45045	28.6585	9.37691	42.9911	0.737172	1.87145
40 <pt<50 	6<chiso range<12 	54.4232	7.45045	28.6585	9.76322	42.6308	0.848331	1.81269
40 <pt<50 	6<chiso range<13 	54.4232	7.45045	28.6585	9.70361	42.6898	0.830113	1.81976
40 <pt<50 	7<chiso range<12 	54.4232	7.45045	28.6585	8.8856	43.4672	0.578058	1.94326
40 <pt<50 	7<chiso range<13 	54.4232	7.45045	28.6585	8.91038	43.4484	0.585391	1.9381
40 <pt<50 	8<chiso range<13 	54.4232	7.45045	28.6585	9.55436	42.7444	0.790908	1.83405
#######################################################################################
50 <pt<65 	3<chiso range<8 	38.8912	5.50686	22.6015	3.58926	34.9316	1.19432	1.94682
50 <pt<65 	3<chiso range<9 	38.8912	5.50686	22.6015	4.10854	34.5185	0.747881	1.85098
50 <pt<65 	3<chiso range<10 	38.8912	5.50686	22.6015	4.26009	34.3589	0.643843	1.81996
50 <pt<65 	3<chiso range<11 	38.8912	5.50686	22.6015	3.81708	34.7482	0.980788	1.90359
50 <pt<65 	3<chiso range<12 	38.8912	5.50686	22.6015	3.78091	34.7238	1.02073	1.90527
50 <pt<65 	3<chiso range<13 	38.8912	5.50686	22.6015	3.48285	34.9474	1.304	1.95888
50 <pt<65 	4<chiso range<9 	38.8912	5.50686	22.6015	3.69849	34.946	1.06422	1.93388
50 <pt<65 	4<chiso range<10 	38.8912	5.50686	22.6015	3.91796	34.7442	0.884974	1.89092
50 <pt<65 	4<chiso range<11 	38.8912	5.50686	22.6015	3.4971	35.096	1.26638	1.96923
50 <pt<65 	4<chiso range<12 	38.8912	5.50686	22.6015	3.50049	35.02	1.27745	1.96227
50 <pt<65 	4<chiso range<13 	38.8912	5.50686	22.6015	3.22099	35.2711	1.58852	2.01588
50 <pt<65 	5<chiso range<10 	38.8912	5.50686	22.6015	4.3431	34.5365	0.571434	1.82269
50 <pt<65 	5<chiso range<11 	38.8912	5.50686	22.6015	3.77817	34.8948	0.995869	1.91925
50 <pt<65 	5<chiso range<12 	38.8912	5.50686	22.6015	3.74829	34.8133	1.03971	1.91645
50 <pt<65 	5<chiso range<13 	38.8912	5.50686	22.6015	3.38898	35.1079	1.39494	1.98412
50 <pt<65 	6<chiso range<11 	38.8912	5.50686	22.6015	3.64544	34.9041	1.12742	1.93628
50 <pt<65 	6<chiso range<12 	38.8912	5.50686	22.6015	3.61865	34.8741	1.16842	1.93663
50 <pt<65 	6<chiso range<13 	38.8912	5.50686	22.6015	3.23562	35.2315	1.57888	2.01148
50 <pt<65 	7<chiso range<12 	38.8912	5.50686	22.6015	3.47161	34.9571	1.31804	1.96146
50 <pt<65 	7<chiso range<13 	38.8912	5.50686	22.6015	3.03894	35.4218	1.83358	2.05115
50 <pt<65 	8<chiso range<13 	38.8912	5.50686	22.6015	3.39586	35.0059	1.40175	1.977
#######################################################################################
65 <pt<400 	3<chiso range<8 	46.7367	3.94273	34.7391	3.60702	42.5848	0.214566	1.14405
65 <pt<400 	3<chiso range<9 	46.7367	3.94273	34.7391	3.38441	42.8115	0.381038	1.18104
65 <pt<400 	3<chiso range<10 	46.7367	3.94273	34.7391	3.1142	43.0866	0.613785	1.22621
65 <pt<400 	3<chiso range<11 	46.7367	3.94273	34.7391	2.85246	43.3888	0.875719	1.27407
65 <pt<400 	3<chiso range<12 	46.7367	3.94273	34.7391	2.82531	43.4273	0.904493	1.27985
65 <pt<400 	3<chiso range<13 	46.7367	3.94273	34.7391	2.9162	43.3538	0.802993	1.26671
65 <pt<400 	4<chiso range<9 	46.7367	3.94273	34.7391	3.33675	42.8713	0.418755	1.19033
65 <pt<400 	4<chiso range<10 	46.7367	3.94273	34.7391	3.03426	43.1785	0.689645	1.2408
65 <pt<400 	4<chiso range<11 	46.7367	3.94273	34.7391	2.74491	43.5134	0.996979	1.29384
65 <pt<400 	4<chiso range<12 	46.7367	3.94273	34.7391	2.727	43.5428	1.01665	1.29811
65 <pt<400 	4<chiso range<13 	46.7367	3.94273	34.7391	2.83439	43.455	0.889269	1.2825
65 <pt<400 	5<chiso range<10 	46.7367	3.94273	34.7391	3.12978	43.0837	0.598078	1.22503
65 <pt<400 	5<chiso range<11 	46.7367	3.94273	34.7391	2.77518	43.4959	0.959281	1.29024
65 <pt<400 	5<chiso range<12 	46.7367	3.94273	34.7391	2.74999	43.5333	0.987033	1.29581
65 <pt<400 	5<chiso range<13 	46.7367	3.94273	34.7391	2.86984	43.4354	0.848074	1.27836
65 <pt<400 	6<chiso range<11 	46.7367	3.94273	34.7391	2.37492	43.9002	1.5032	1.35734
65 <pt<400 	6<chiso range<12 	46.7367	3.94273	34.7391	2.40953	43.8766	1.44583	1.35293
65 <pt<400 	6<chiso range<13 	46.7367	3.94273	34.7391	2.58015	43.7344	1.19555	1.32768
65 <pt<400 	7<chiso range<12 	46.7367	3.94273	34.7391	2.09195	44.1687	1.99664	1.40477
65 <pt<400 	7<chiso range<13 	46.7367	3.94273	34.7391	2.33302	44.0222	1.55159	1.37354
65 <pt<400 	8<chiso range<13 	46.7367	3.94273	34.7391	2.25258	44.0867	1.69017	1.38523
#######################################################################################
