pt range	chiso range	DataNumber	FakeNumber	TrueNumber	fitFake_number	fitTrue_number	closureFake_test	closureTrue_test
#######################################################################################
20 <pt<25 	3<chiso range<8 	344.077	90.9195	126.058	92.68	109.021	0.22795	1.0439
20 <pt<25 	3<chiso range<9 	344.077	90.9195	126.058	90.0643	111.683	0.113864	0.886033
20 <pt<25 	3<chiso range<10 	344.077	90.9195	126.058	87.364	114.659	0.48798	0.707916
20 <pt<25 	3<chiso range<11 	344.077	90.9195	126.058	87.6639	114.224	0.445289	0.73411
20 <pt<25 	3<chiso range<12 	344.077	90.9195	126.058	86.4617	115.378	0.617989	0.66415
20 <pt<25 	3<chiso range<13 	344.077	90.9195	126.058	86.2848	115.55	0.643803	0.653702
20 <pt<25 	4<chiso range<9 	344.077	90.9195	126.058	92.1756	109.636	0.163255	1.00538
20 <pt<25 	4<chiso range<10 	344.077	90.9195	126.058	88.5739	113.358	0.317224	0.785012
20 <pt<25 	4<chiso range<11 	344.077	90.9195	126.058	88.7731	113.048	0.289711	0.803846
20 <pt<25 	4<chiso range<12 	344.077	90.9195	126.058	87.2422	114.562	0.504955	0.712864
20 <pt<25 	4<chiso range<13 	344.077	90.9195	126.058	86.9713	114.832	0.543845	0.696605
20 <pt<25 	5<chiso range<10 	344.077	90.9195	126.058	88.4525	113.298	0.334282	0.789213
20 <pt<25 	5<chiso range<11 	344.077	90.9195	126.058	88.6896	112.979	0.301448	0.808669
20 <pt<25 	5<chiso range<12 	344.077	90.9195	126.058	86.8956	114.792	0.555074	0.699591
20 <pt<25 	5<chiso range<13 	344.077	90.9195	126.058	86.6184	115.078	0.595178	0.682272
20 <pt<25 	6<chiso range<11 	344.077	90.9195	126.058	86.4584	115.223	0.618912	0.674208
20 <pt<25 	6<chiso range<12 	344.077	90.9195	126.058	84.6578	117.014	0.886817	0.564971
20 <pt<25 	6<chiso range<13 	344.077	90.9195	126.058	84.5881	117.098	0.89735	0.559773
20 <pt<25 	7<chiso range<12 	344.077	90.9195	126.058	79.0697	122.949	1.79423	0.19668
20 <pt<25 	7<chiso range<13 	344.077	90.9195	126.058	79.7454	122.239	1.67771	0.241207
20 <pt<25 	8<chiso range<13 	344.077	90.9195	126.058	78.3182	123.808	1.92441	0.142439
#######################################################################################
25 <pt<30 	3<chiso range<8 	181.159	40.8275	73.1074	46.7053	61.4724	0.940063	0.950564
25 <pt<30 	3<chiso range<9 	181.159	40.8275	73.1074	44.6913	63.5908	0.644562	0.78547
25 <pt<30 	3<chiso range<10 	181.159	40.8275	73.1074	44.0572	64.2836	0.54625	0.730792
25 <pt<30 	3<chiso range<11 	181.159	40.8275	73.1074	43.5057	64.8937	0.458594	0.68249
25 <pt<30 	3<chiso range<12 	181.159	40.8275	73.1074	42.2931	66.1141	0.258068	0.584974
25 <pt<30 	3<chiso range<13 	181.159	40.8275	73.1074	42.5517	65.8574	0.30182	0.605701
25 <pt<30 	4<chiso range<9 	181.159	40.8275	73.1074	43.2791	65.107	0.421499	0.66464
25 <pt<30 	4<chiso range<10 	181.159	40.8275	73.1074	42.7206	65.7266	0.329623	0.615133
25 <pt<30 	4<chiso range<11 	181.159	40.8275	73.1074	42.2532	66.254	0.251004	0.572969
25 <pt<30 	4<chiso range<12 	181.159	40.8275	73.1074	41.0085	67.4956	0.0328224	0.472334
25 <pt<30 	4<chiso range<13 	181.159	40.8275	73.1074	41.3997	67.0995	0.102818	0.504747
25 <pt<30 	5<chiso range<10 	181.159	40.8275	73.1074	42.7346	65.8034	0.331811	0.608687
25 <pt<30 	5<chiso range<11 	181.159	40.8275	73.1074	42.1666	66.4451	0.236159	0.557384
25 <pt<30 	5<chiso range<12 	181.159	40.8275	73.1074	40.7341	67.8585	0.0170468	0.442564
25 <pt<30 	5<chiso range<13 	181.159	40.8275	73.1074	41.2059	67.3748	0.0683028	0.482274
25 <pt<30 	6<chiso range<11 	181.159	40.8275	73.1074	41.7377	67.0509	0.16197	0.507712
25 <pt<30 	6<chiso range<12 	181.159	40.8275	73.1074	40.0883	68.6466	0.136936	0.377292
25 <pt<30 	6<chiso range<13 	181.159	40.8275	73.1074	40.712	67.9936	0.0210824	0.431271
25 <pt<30 	7<chiso range<12 	181.159	40.8275	73.1074	38.8057	69.9232	0.386876	0.271206
25 <pt<30 	7<chiso range<13 	181.159	40.8275	73.1074	39.7359	68.9582	0.204157	0.351848
25 <pt<30 	8<chiso range<13 	181.159	40.8275	73.1074	37.0293	71.8354	0.76188	0.109503
#######################################################################################
30 <pt<40 	3<chiso range<8 	187.149	35.0133	84.3058	31.1842	83.373	0.733647	0.0775769
30 <pt<40 	3<chiso range<9 	187.149	35.0133	84.3058	31.8551	82.4931	0.594843	0.150464
30 <pt<40 	3<chiso range<10 	187.149	35.0133	84.3058	32.4419	81.8658	0.475532	0.201695
30 <pt<40 	3<chiso range<11 	187.149	35.0133	84.3058	32.5731	81.7234	0.449896	0.21346
30 <pt<40 	3<chiso range<12 	187.149	35.0133	84.3058	33.1792	81.1152	0.331869	0.262599
30 <pt<40 	3<chiso range<13 	187.149	35.0133	84.3058	32.0073	82.3216	0.563907	0.164628
30 <pt<40 	4<chiso range<9 	187.149	35.0133	84.3058	31.7952	82.506	0.608537	0.149691
30 <pt<40 	4<chiso range<10 	187.149	35.0133	84.3058	32.5289	81.719	0.458958	0.213942
30 <pt<40 	4<chiso range<11 	187.149	35.0133	84.3058	32.6656	81.5855	0.432321	0.224993
30 <pt<40 	4<chiso range<12 	187.149	35.0133	84.3058	33.3712	80.8781	0.295839	0.282043
30 <pt<40 	4<chiso range<13 	187.149	35.0133	84.3058	31.9936	82.306	0.567491	0.166113
30 <pt<40 	5<chiso range<10 	187.149	35.0133	84.3058	31.5428	82.7245	0.662111	0.131811
30 <pt<40 	5<chiso range<11 	187.149	35.0133	84.3058	31.8407	82.4543	0.600382	0.154247
30 <pt<40 	5<chiso range<12 	187.149	35.0133	84.3058	32.7452	81.5304	0.416971	0.229632
30 <pt<40 	5<chiso range<13 	187.149	35.0133	84.3058	31.2472	83.0996	0.72569	0.100837
30 <pt<40 	6<chiso range<11 	187.149	35.0133	84.3058	32.9124	81.2408	0.385386	0.253792
30 <pt<40 	6<chiso range<12 	187.149	35.0133	84.3058	33.8851	80.2672	0.200773	0.33189
30 <pt<40 	6<chiso range<13 	187.149	35.0133	84.3058	31.9438	82.3015	0.579349	0.166904
30 <pt<40 	7<chiso range<12 	187.149	35.0133	84.3058	33.2997	80.8684	0.310088	0.283424
30 <pt<40 	7<chiso range<13 	187.149	35.0133	84.3058	31.1946	83.0736	0.73757	0.103056
30 <pt<40 	8<chiso range<13 	187.149	35.0133	84.3058	33.0057	81.0753	0.367189	0.267178
#######################################################################################
40 <pt<50 	3<chiso range<8 	86.2164	11.4368	46.3082	15.393	40.1217	1.01174	0.731869
40 <pt<50 	3<chiso range<9 	86.2164	11.4368	46.3082	14.5444	40.8725	0.845072	0.652993
40 <pt<50 	3<chiso range<10 	86.2164	11.4368	46.3082	15.1716	40.2284	0.975156	0.72438
40 <pt<50 	3<chiso range<11 	86.2164	11.4368	46.3082	14.3044	41.0865	0.793771	0.629859
40 <pt<50 	3<chiso range<12 	86.2164	11.4368	46.3082	13.8225	41.6091	0.681564	0.569877
40 <pt<50 	3<chiso range<13 	86.2164	11.4368	46.3082	13.007	42.4103	0.477701	0.47843
40 <pt<50 	4<chiso range<9 	86.2164	11.4368	46.3082	13.5552	41.8683	0.617914	0.540564
40 <pt<50 	4<chiso range<10 	86.2164	11.4368	46.3082	14.391	40.9935	0.813336	0.640549
40 <pt<50 	4<chiso range<11 	86.2164	11.4368	46.3082	13.556	41.8471	0.618866	0.543529
40 <pt<50 	4<chiso range<12 	86.2164	11.4368	46.3082	13.1262	42.3273	0.507985	0.487052
40 <pt<50 	4<chiso range<13 	86.2164	11.4368	46.3082	12.3627	43.0464	0.296356	0.403758
40 <pt<50 	5<chiso range<10 	86.2164	11.4368	46.3082	14.9643	40.4071	0.935582	0.706149
40 <pt<50 	5<chiso range<11 	86.2164	11.4368	46.3082	13.9143	41.4466	0.706038	0.590235
40 <pt<50 	5<chiso range<12 	86.2164	11.4368	46.3082	13.359	42.0824	0.568322	0.515579
40 <pt<50 	5<chiso range<13 	86.2164	11.4368	46.3082	12.4689	42.9246	0.327813	0.41844
40 <pt<50 	6<chiso range<11 	86.2164	11.4368	46.3082	13.0282	42.341	0.484425	0.487337
40 <pt<50 	6<chiso range<12 	86.2164	11.4368	46.3082	12.5452	42.8924	0.348948	0.421334
40 <pt<50 	6<chiso range<13 	86.2164	11.4368	46.3082	11.6493	43.737	0.0722683	0.321424
40 <pt<50 	7<chiso range<12 	86.2164	11.4368	46.3082	12.4413	43.019	0.31886	0.406382
40 <pt<50 	7<chiso range<13 	86.2164	11.4368	46.3082	11.3915	44.0132	0.0157682	0.288087
40 <pt<50 	8<chiso range<13 	86.2164	11.4368	46.3082	10.716	44.6282	0.267387	0.212871
#######################################################################################
50 <pt<65 	3<chiso range<8 	58.0476	7.21989	36.4382	7.49547	35.0785	0.10872	0.195531
50 <pt<65 	3<chiso range<9 	58.0476	7.21989	36.4382	7.22175	35.3858	0.000757739	0.151799
50 <pt<65 	3<chiso range<10 	58.0476	7.21989	36.4382	7.33704	35.272	0.0470016	0.167885
50 <pt<65 	3<chiso range<11 	58.0476	7.21989	36.4382	7.0211	35.6128	0.0830548	0.119388
50 <pt<65 	3<chiso range<12 	58.0476	7.21989	36.4382	6.92496	35.738	0.124537	0.101341
50 <pt<65 	3<chiso range<13 	58.0476	7.21989	36.4382	6.4948	36.1564	0.326297	0.0411186
50 <pt<65 	4<chiso range<9 	58.0476	7.21989	36.4382	6.78531	35.8076	0.188522	0.0917579
50 <pt<65 	4<chiso range<10 	58.0476	7.21989	36.4382	6.96285	35.6349	0.108725	0.116527
50 <pt<65 	4<chiso range<11 	58.0476	7.21989	36.4382	6.66412	35.9604	0.244667	0.0695989
50 <pt<65 	4<chiso range<12 	58.0476	7.21989	36.4382	6.59689	36.0599	0.276093	0.0551016
50 <pt<65 	4<chiso range<13 	58.0476	7.21989	36.4382	6.17709	36.5382	0.493437	0.0146469
50 <pt<65 	5<chiso range<10 	58.0476	7.21989	36.4382	7.21749	35.3687	0.000981013	0.154476
50 <pt<65 	5<chiso range<11 	58.0476	7.21989	36.4382	6.82428	35.7952	0.170219	0.0934021
50 <pt<65 	5<chiso range<12 	58.0476	7.21989	36.4382	6.72689	35.9303	0.214315	0.0737976
50 <pt<65 	5<chiso range<13 	58.0476	7.21989	36.4382	6.2298	36.4819	0.4646	0.00639499
50 <pt<65 	6<chiso range<11 	58.0476	7.21989	36.4382	6.50869	36.1187	0.319435	0.0465899
50 <pt<65 	6<chiso range<12 	58.0476	7.21989	36.4382	6.43704	36.2362	0.353826	0.0294431
50 <pt<65 	6<chiso range<13 	58.0476	7.21989	36.4382	5.89921	36.8337	0.651547	0.0580847
50 <pt<65 	7<chiso range<12 	58.0476	7.21989	36.4382	6.34337	36.4791	0.398507	0.00593992
50 <pt<65 	7<chiso range<13 	58.0476	7.21989	36.4382	5.70776	37.0957	0.765566	0.0966254
50 <pt<65 	8<chiso range<13 	58.0476	7.21989	36.4382	5.33473	37.4915	1.01319	0.155721
#######################################################################################
65 <pt<400 	3<chiso range<8 	69.9409	7.0921	51.6218	4.14379	53.3569	2.14192	0.227459
65 <pt<400 	3<chiso range<9 	69.9409	7.0921	51.6218	4.11941	53.3789	2.17315	0.230417
65 <pt<400 	3<chiso range<10 	69.9409	7.0921	51.6218	4.42989	53.0786	1.8073	0.190417
65 <pt<400 	3<chiso range<11 	69.9409	7.0921	51.6218	4.58444	52.8778	1.6463	0.16416
65 <pt<400 	3<chiso range<12 	69.9409	7.0921	51.6218	4.78468	52.6635	1.4486	0.135902
65 <pt<400 	3<chiso range<13 	69.9409	7.0921	51.6218	4.70655	52.7416	1.52188	0.14622
65 <pt<400 	4<chiso range<9 	69.9409	7.0921	51.6218	4.0548	53.4337	2.25833	0.237822
65 <pt<400 	4<chiso range<10 	69.9409	7.0921	51.6218	4.42378	53.0782	1.81537	0.190416
65 <pt<400 	4<chiso range<11 	69.9409	7.0921	51.6218	4.5992	52.858	1.63254	0.161579
65 <pt<400 	4<chiso range<12 	69.9409	7.0921	51.6218	4.82612	52.6201	1.41107	0.130191
65 <pt<400 	4<chiso range<13 	69.9409	7.0921	51.6218	4.73465	52.712	1.49564	0.142321
65 <pt<400 	5<chiso range<10 	69.9409	7.0921	51.6218	4.57216	52.881	1.66226	0.164709
65 <pt<400 	5<chiso range<11 	69.9409	7.0921	51.6218	4.74754	52.6802	1.48892	0.138309
65 <pt<400 	5<chiso range<12 	69.9409	7.0921	51.6218	5.02213	52.4315	1.23972	0.105371
65 <pt<400 	5<chiso range<13 	69.9409	7.0921	51.6218	4.88972	52.5657	1.35386	0.123017
65 <pt<400 	6<chiso range<11 	69.9409	7.0921	51.6218	5.1606	52.3065	1.13032	0.088958
65 <pt<400 	6<chiso range<12 	69.9409	7.0921	51.6218	5.44605	52.0457	0.91025	0.0548398
65 <pt<400 	6<chiso range<13 	69.9409	7.0921	51.6218	5.23453	52.2644	1.06778	0.0833212
65 <pt<400 	7<chiso range<12 	69.9409	7.0921	51.6218	5.817	51.7032	0.658483	0.0104775
65 <pt<400 	7<chiso range<13 	69.9409	7.0921	51.6218	5.50438	52.0227	0.865719	0.0517797
65 <pt<400 	8<chiso range<13 	69.9409	7.0921	51.6218	5.41949	52.1446	0.922789	0.0675196
#######################################################################################
