pt range	chiso range	DataNumber	FakeNumber	TrueNumber	fitFake_number	fitTrue_number	closureFake_test	closureTrue_test
#######################################################################################
20 <pt<25 	3<chiso range<8 	122.253	19.4181	13.8809	0.0419781	50.8468	285.554	0.86397
20 <pt<25 	3<chiso range<9 	122.253	19.4181	13.8809	0.0419781	50.8468	285.554	0.86397
20 <pt<25 	3<chiso range<10 	122.253	19.4181	13.8809	0.055741	50.8468	214.895	0.86397
20 <pt<25 	3<chiso range<11 	122.253	19.4181	13.8809	0.0557288	50.8468	214.943	0.86397
20 <pt<25 	3<chiso range<12 	122.253	19.4181	13.8809	0.0625853	50.8468	191.326	0.86397
20 <pt<25 	3<chiso range<13 	122.253	19.4181	13.8809	0.0335548	50.8468	357.391	0.86397
20 <pt<25 	4<chiso range<9 	122.253	19.4181	13.8809	0.0279931	50.8468	428.521	0.86397
20 <pt<25 	4<chiso range<10 	122.253	19.4181	13.8809	0.0417372	50.8468	287.206	0.86397
20 <pt<25 	4<chiso range<11 	122.253	19.4181	13.8809	0.0417235	50.8468	287.3	0.86397
20 <pt<25 	4<chiso range<12 	122.253	19.4181	13.8809	0.0520179	50.8468	230.32	0.86397
20 <pt<25 	4<chiso range<13 	122.253	19.4181	13.8809	0.0209718	50.8468	572.197	0.86397
20 <pt<25 	5<chiso range<10 	122.253	19.4181	13.8809	0.0416143	50.8468	288.055	0.86397
20 <pt<25 	5<chiso range<11 	122.253	19.4181	13.8809	0.04156	50.8468	288.433	0.86397
20 <pt<25 	5<chiso range<12 	122.253	19.4181	13.8809	0.062218	50.8468	192.46	0.86397
20 <pt<25 	5<chiso range<13 	122.253	19.4181	13.8809	0.0208618	50.8468	575.219	0.86397
20 <pt<25 	6<chiso range<11 	122.253	19.4181	13.8809	1.12022	50.8468	10.1051	0.86397
20 <pt<25 	6<chiso range<12 	122.253	19.4181	13.8809	1.1195	50.8468	10.112	0.86397
20 <pt<25 	6<chiso range<13 	122.253	19.4181	13.8809	1.11238	50.8468	10.1807	0.86397
20 <pt<25 	7<chiso range<12 	122.253	19.4181	13.8809	0.818897	50.8468	14.051	0.86397
20 <pt<25 	7<chiso range<13 	122.253	19.4181	13.8809	0.416007	50.8468	28.2582	0.86397
20 <pt<25 	8<chiso range<13 	122.253	19.4181	13.8809	0.230234	50.8468	51.5585	0.86397
#######################################################################################
25 <pt<30 	3<chiso range<8 	120.873	29.0501	13.3098	40.7571	37.4113	1.46807	1.89826
25 <pt<30 	3<chiso range<9 	120.873	29.0501	13.3098	1.28196	78.6891	105.42	7.35625
25 <pt<30 	3<chiso range<10 	120.873	29.0501	13.3098	12.0334	67.2554	6.94327	5.64641
25 <pt<30 	3<chiso range<11 	120.873	29.0501	13.3098	12.0357	67.253	6.94106	5.64606
25 <pt<30 	3<chiso range<12 	120.873	29.0501	13.3098	24.7246	53.8877	0.870453	3.75034
25 <pt<30 	3<chiso range<13 	120.873	29.0501	13.3098	24.7302	53.8888	0.86904	3.75009
25 <pt<30 	4<chiso range<9 	120.873	29.0501	13.3098	0.0720629	79.9541	1955.6	7.5336
25 <pt<30 	4<chiso range<10 	120.873	29.0501	13.3098	0.503357	79.4505	276.03	7.46636
25 <pt<30 	4<chiso range<11 	120.873	29.0501	13.3098	0.510048	79.4433	272.347	7.46535
25 <pt<30 	4<chiso range<12 	120.873	29.0501	13.3098	11.6284	67.6598	7.35568	5.70883
25 <pt<30 	4<chiso range<13 	120.873	29.0501	13.3098	11.6381	67.6572	7.34491	5.70814
25 <pt<30 	5<chiso range<10 	120.873	29.0501	13.3098	0.331233	79.6127	421.991	7.48727
25 <pt<30 	5<chiso range<11 	120.873	29.0501	13.3098	0.337935	79.6045	413.506	7.48595
25 <pt<30 	5<chiso range<12 	120.873	29.0501	13.3098	11.4567	67.8	7.54081	5.73128
25 <pt<30 	5<chiso range<13 	120.873	29.0501	13.3098	11.4665	67.7973	7.52961	5.73057
25 <pt<30 	6<chiso range<11 	120.873	29.0501	13.3098	0.258279	79.6725	542.512	7.49555
25 <pt<30 	6<chiso range<12 	120.873	29.0501	13.3098	17.4669	61.4563	3.27475	4.7896
25 <pt<30 	6<chiso range<13 	120.873	29.0501	13.3098	17.4731	61.4498	3.27185	4.78867
25 <pt<30 	7<chiso range<12 	120.873	29.0501	13.3098	17.3894	61.5417	3.31145	4.80235
25 <pt<30 	7<chiso range<13 	120.873	29.0501	13.3098	17.4011	61.5406	3.30547	4.80166
25 <pt<30 	8<chiso range<13 	120.873	29.0501	13.3098	17.3404	61.6015	3.33451	4.81094
#######################################################################################
30 <pt<35 	3<chiso range<8 	-1.39848	-9.65771	7.88702	0.0032266	0.886164	332.803	10.1522
30 <pt<35 	3<chiso range<9 	-1.39848	-9.65771	7.88702	0.00347023	0.885261	223.956	9.99693
30 <pt<35 	3<chiso range<10 	-1.39848	-9.65771	7.88702	0.00358767	0.881872	301.456	7.78927
30 <pt<35 	3<chiso range<11 	-1.39848	-9.65771	7.88702	0.00366149	0.884998	211.671	9.99468
30 <pt<35 	3<chiso range<12 	-1.39848	-9.65771	7.88702	0.00381644	0.870971	202.628	7.78505
30 <pt<35 	3<chiso range<13 	-1.39848	-9.65771	7.88702	0.00383069	0.883273	201.106	7.84188
30 <pt<35 	4<chiso range<9 	-1.39848	-9.65771	7.88702	0.175919	0.469895	34.5816	18.7584
30 <pt<35 	4<chiso range<10 	-1.39848	-9.65771	7.88702	0.175956	0.469895	34.5745	18.7584
30 <pt<35 	4<chiso range<11 	-1.39848	-9.65771	7.88702	0.175955	0.469895	34.5746	18.7584
30 <pt<35 	4<chiso range<12 	-1.39848	-9.65771	7.88702	0.175972	0.469895	34.5712	18.7584
30 <pt<35 	4<chiso range<13 	-1.39848	-9.65771	7.88702	0.175953	0.469895	34.5751	18.7584
30 <pt<35 	5<chiso range<10 	-1.39848	-9.65771	7.88702	0.175598	0.469895	34.6436	18.7584
30 <pt<35 	5<chiso range<11 	-1.39848	-9.65771	7.88702	0.175598	0.469895	34.6437	18.7584
30 <pt<35 	5<chiso range<12 	-1.39848	-9.65771	7.88702	0.175616	0.469895	34.6402	18.7584
30 <pt<35 	5<chiso range<13 	-1.39848	-9.65771	7.88702	0.175596	0.469895	34.644	18.7584
30 <pt<35 	6<chiso range<11 	-1.39848	-9.65771	7.88702	0.175333	0.469895	34.6952	18.7584
30 <pt<35 	6<chiso range<12 	-1.39848	-9.65771	7.88702	0.175351	0.469895	34.6916	18.7584
30 <pt<35 	6<chiso range<13 	-1.39848	-9.65771	7.88702	0.175332	0.469895	34.6953	18.7584
30 <pt<35 	7<chiso range<12 	-1.39848	-9.65771	7.88702	0.26199	0.469895	23.4238	18.7584
30 <pt<35 	7<chiso range<13 	-1.39848	-9.65771	7.88702	0.26199	0.469895	23.4238	18.7584
30 <pt<35 	8<chiso range<13 	-1.39848	-9.65771	7.88702	0.205238	0.469895	29.7298	18.7584
#######################################################################################
35 <pt<40 	3<chiso range<8 	14.2333	-9.64488	4.43444	31.8849	5.37962e-05	1.84	0.152253
35 <pt<40 	3<chiso range<9 	14.2333	-9.64488	4.43444	32.0053	0.00894086	1.30004	0.171645
35 <pt<40 	3<chiso range<10 	14.2333	-9.64488	4.43444	31.6152	0.000135074	1.84517	0.139512
35 <pt<40 	3<chiso range<11 	14.2333	-9.64488	4.43444	31.6901	4.98975e-05	1.54725	0.144124
35 <pt<40 	3<chiso range<12 	14.2333	-9.64488	4.43444	31.6901	4.98975e-05	1.54725	0.144124
35 <pt<40 	3<chiso range<13 	14.2333	-9.64488	4.43444	0.301025	31.4452	0.51993	0.965432
35 <pt<40 	4<chiso range<9 	14.2333	-9.64488	4.43444	32.301	0.0104271	1.30255	0.177145
35 <pt<40 	4<chiso range<10 	14.2333	-9.64488	4.43444	31.6862	2.17853e-05	1.40263	0.149994
35 <pt<40 	4<chiso range<11 	14.2333	-9.64488	4.43444	31.7888	0.000612352	1.58493	0.140714
35 <pt<40 	4<chiso range<12 	14.2333	-9.64488	4.43444	31.7888	0.000612352	1.58493	0.140714
35 <pt<40 	4<chiso range<13 	14.2333	-9.64488	4.43444	0.196455	31.5486	1.52194	0.962885
35 <pt<40 	5<chiso range<10 	14.2333	-9.64488	4.43444	0	31.7971	inf	1.21429
35 <pt<40 	5<chiso range<11 	14.2333	-9.64488	4.43444	0	31.7971	inf	1.21429
35 <pt<40 	5<chiso range<12 	14.2333	-9.64488	4.43444	0	31.7971	inf	1.21429
35 <pt<40 	5<chiso range<13 	14.2333	-9.64488	4.43444	0	31.79	inf	1.21414
35 <pt<40 	6<chiso range<11 	14.2333	-9.64488	4.43444	0	15.9007	inf	0.85697
35 <pt<40 	6<chiso range<12 	14.2333	-9.64488	4.43444	0	15.9007	inf	0.85697
35 <pt<40 	6<chiso range<13 	14.2333	-9.64488	4.43444	0	31.7962	inf	1.23609
35 <pt<40 	7<chiso range<12 	14.2333	-9.64488	4.43444	8.21417	15.9007	1.34505	0.85697
35 <pt<40 	7<chiso range<13 	14.2333	-9.64488	4.43444	0.0477098	31.7058	5.28639	0.861097
35 <pt<40 	8<chiso range<13 	14.2333	-9.64488	4.43444	0.0363594	31.7266	7.18961	0.864075
#######################################################################################
40 <pt<45 	3<chiso range<8 	-5.94844	-9.65771	3.58734	0.0153903	0.367617	25.8062	15.2953
40 <pt<45 	3<chiso range<9 	-5.94844	-9.65771	3.58734	0.0140851	0.366801	25.8938	16.5949
40 <pt<45 	3<chiso range<10 	-5.94844	-9.65771	3.58734	0.0821078	0.00755723	516.31	54.3679
40 <pt<45 	3<chiso range<11 	-5.94844	-9.65771	3.58734	9.0824e-06	0.376563	25858.4	9.19356
40 <pt<45 	3<chiso range<12 	-5.94844	-9.65771	3.58734	9.0824e-06	0.376563	25858.4	9.19356
40 <pt<45 	3<chiso range<13 	-5.94844	-9.65771	3.58734	8.21832e-06	0.375313	42450.8	8.73859
40 <pt<45 	4<chiso range<9 	-5.94844	-9.65771	3.58734	0.106904	0.193949	56.5072	20.7926
40 <pt<45 	4<chiso range<10 	-5.94844	-9.65771	3.58734	0.053452	0.193949	112.396	20.7926
40 <pt<45 	4<chiso range<11 	-5.94844	-9.65771	3.58734	0.159413	0.00747201	65.6716	13.0324
40 <pt<45 	4<chiso range<12 	-5.94844	-9.65771	3.58734	0.159413	0.00747201	65.6716	13.0324
40 <pt<45 	4<chiso range<13 	-5.94844	-9.65771	3.58734	1.70866e-05	0.375236	21265	10.1591
40 <pt<45 	5<chiso range<10 	-5.94844	-9.65771	3.58734	0.053452	0.193949	112.396	20.7926
40 <pt<45 	5<chiso range<11 	-5.94844	-9.65771	3.58734	0.159413	0.00747201	65.6716	13.0324
40 <pt<45 	5<chiso range<12 	-5.94844	-9.65771	3.58734	0.159413	0.00747201	65.6716	13.0324
40 <pt<45 	5<chiso range<13 	-5.94844	-9.65771	3.58734	1.70866e-05	0.375236	21265	10.1591
40 <pt<45 	6<chiso range<11 	-5.94844	-9.65771	3.58734	8.78402e-06	0.375323	21887.5	10.484
40 <pt<45 	6<chiso range<12 	-5.94844	-9.65771	3.58734	8.78402e-06	0.375323	21887.5	10.484
40 <pt<45 	6<chiso range<13 	-5.94844	-9.65771	3.58734	8.3554e-06	0.376123	42336.5	8.42423
40 <pt<45 	7<chiso range<12 	-5.94844	-9.65771	3.58734	4.6096e-06	0.380769	43492.2	12.9273
40 <pt<45 	7<chiso range<13 	-5.94844	-9.65771	3.58734	4.16684e-06	0.375672	106628	8.56671
40 <pt<45 	8<chiso range<13 	-5.94844	-9.65771	3.58734	4.16684e-06	0.375672	106628	8.56671
#######################################################################################
45 <pt<50 	3<chiso range<8 	2.27177	0.00641743	2.17551	0.00810416	1.0775	0.12876	1.21101
45 <pt<50 	3<chiso range<9 	2.27177	0.00641743	2.17551	0.296861	1.0775	0.605274	1.21101
45 <pt<50 	3<chiso range<10 	2.27177	0.00641743	2.17551	0.296666	1.0775	0.605266	1.21101
45 <pt<50 	3<chiso range<11 	2.27177	0.00641743	2.17551	0.393701	1.0775	0.608564	1.21101
45 <pt<50 	3<chiso range<12 	2.27177	0.00641743	2.17551	0.393658	1.0775	0.608564	1.21101
45 <pt<50 	3<chiso range<13 	2.27177	0.00641743	2.17551	0.393658	1.0775	0.608564	1.21101
45 <pt<50 	4<chiso range<9 	2.27177	0.00641743	2.17551	0.296088	1.0775	0.605239	1.21101
45 <pt<50 	4<chiso range<10 	2.27177	0.00641743	2.17551	0.295893	1.0775	0.605232	1.21101
45 <pt<50 	4<chiso range<11 	2.27177	0.00641743	2.17551	0.393399	1.0775	0.608556	1.21101
45 <pt<50 	4<chiso range<12 	2.27177	0.00641743	2.17551	0.393355	1.0775	0.608555	1.21101
45 <pt<50 	4<chiso range<13 	2.27177	0.00641743	2.17551	0.393355	1.0775	0.608555	1.21101
45 <pt<50 	5<chiso range<10 	2.27177	0.00641743	2.17551	0.588474	1.0775	0.611901	1.21101
45 <pt<50 	5<chiso range<11 	2.27177	0.00641743	2.17551	0.589056	1.0775	0.611908	1.21101
45 <pt<50 	5<chiso range<12 	2.27177	0.00641743	2.17551	0.589056	1.0775	0.611908	1.21101
45 <pt<50 	5<chiso range<13 	2.27177	0.00641743	2.17551	0.589056	1.0775	0.611908	1.21101
45 <pt<50 	6<chiso range<11 	2.27177	0.00641743	2.17551	0.589252	1.0775	0.611911	1.21101
45 <pt<50 	6<chiso range<12 	2.27177	0.00641743	2.17551	0.589251	1.0775	0.61191	1.21101
45 <pt<50 	6<chiso range<13 	2.27177	0.00641743	2.17551	0.589251	1.0775	0.61191	1.21101
45 <pt<50 	7<chiso range<12 	2.27177	0.00641743	2.17551	0.589251	1.0775	0.61191	1.21101
45 <pt<50 	7<chiso range<13 	2.27177	0.00641743	2.17551	0.589251	1.0775	0.61191	1.21101
45 <pt<50 	8<chiso range<13 	2.27177	0.00641743	2.17551	0.589251	1.0775	0.61191	1.21101
#######################################################################################
50 <pt<60 	3<chiso range<8 	3.48467	0.00641743	3.37557	0.000207012	12.4235	1.53726	0.737559
50 <pt<60 	3<chiso range<9 	3.48467	0.00641743	3.37557	0.000207012	12.4235	1.53726	0.737559
50 <pt<60 	3<chiso range<10 	3.48467	0.00641743	3.37557	0.000159354	12.4969	2.05281	1.22377
50 <pt<60 	3<chiso range<11 	3.48467	0.00641743	3.37557	0.000159834	12.4964	1.99653	1.20202
50 <pt<60 	3<chiso range<12 	3.48467	0.00641743	3.37557	0.000172432	12.508	1.87142	1.14241
50 <pt<60 	3<chiso range<13 	3.48467	0.00641743	3.37557	0.00464757	12.4872	0.0194282	0.925125
50 <pt<60 	4<chiso range<9 	3.48467	0.00641743	3.37557	0.000372705	12.4565	0.828096	0.735483
50 <pt<60 	4<chiso range<10 	3.48467	0.00641743	3.37557	0.000196649	12.503	1.68795	1.45559
50 <pt<60 	4<chiso range<11 	3.48467	0.00641743	3.37557	0.000208191	12.4882	1.56779	0.937796
50 <pt<60 	4<chiso range<12 	3.48467	0.00641743	3.37557	0.0002241	12.4869	1.44873	0.91211
50 <pt<60 	4<chiso range<13 	3.48467	0.00641743	3.37557	0.00693844	12.4699	0.00374951	0.760129
50 <pt<60 	5<chiso range<10 	3.48467	0.00641743	3.37557	2.6044	6.26203	0.617124	0.547786
50 <pt<60 	5<chiso range<11 	3.48467	0.00641743	3.37557	2.70857	6.26203	0.617182	0.547786
50 <pt<60 	5<chiso range<12 	3.48467	0.00641743	3.37557	2.78824	6.26203	0.617225	0.547786
50 <pt<60 	5<chiso range<13 	3.48467	0.00641743	3.37557	3.37905	6.26203	0.617474	0.547786
50 <pt<60 	6<chiso range<11 	3.48467	0.00641743	3.37557	2.25714	6.26203	0.616888	0.547786
50 <pt<60 	6<chiso range<12 	3.48467	0.00641743	3.37557	2.46234	6.26203	0.617037	0.547786
50 <pt<60 	6<chiso range<13 	3.48467	0.00641743	3.37557	3.37902	6.26203	0.617473	0.547786
50 <pt<60 	7<chiso range<12 	3.48467	0.00641743	3.37557	2.41837	6.26203	0.617007	0.547786
50 <pt<60 	7<chiso range<13 	3.48467	0.00641743	3.37557	3.38124	6.26203	0.617474	0.547786
50 <pt<60 	8<chiso range<13 	3.48467	0.00641743	3.37557	3.38572	6.26203	0.617477	0.547786
#######################################################################################
60 <pt<80 	3<chiso range<8 	-5.56339	-9.65771	4.06223	0.0311355	0.117227	192.513	39.9928
60 <pt<80 	3<chiso range<9 	-5.56339	-9.65771	4.06223	0.0311656	0.117227	192.328	39.9928
60 <pt<80 	3<chiso range<10 	-5.56339	-9.65771	4.06223	0.031145	0.117227	192.455	39.9928
60 <pt<80 	3<chiso range<11 	-5.56339	-9.65771	4.06223	0.0311751	0.117227	192.27	39.9928
60 <pt<80 	3<chiso range<12 	-5.56339	-9.65771	4.06223	0.0311849	0.117227	192.209	39.9928
60 <pt<80 	3<chiso range<13 	-5.56339	-9.65771	4.06223	0.0209083	0.117227	286.378	39.9928
60 <pt<80 	4<chiso range<9 	-5.56339	-9.65771	4.06223	0.0310647	0.117227	192.95	39.9928
60 <pt<80 	4<chiso range<10 	-5.56339	-9.65771	4.06223	0.0310442	0.117227	193.077	39.9928
60 <pt<80 	4<chiso range<11 	-5.56339	-9.65771	4.06223	0.0310745	0.117227	192.89	39.9928
60 <pt<80 	4<chiso range<12 	-5.56339	-9.65771	4.06223	0.0310844	0.117227	192.828	39.9928
60 <pt<80 	4<chiso range<13 	-5.56339	-9.65771	4.06223	0.0208184	0.117227	287.611	39.9928
60 <pt<80 	5<chiso range<10 	-5.56339	-9.65771	4.06223	0.0310444	0.117227	193.076	39.9928
60 <pt<80 	5<chiso range<11 	-5.56339	-9.65771	4.06223	0.0310747	0.117227	192.888	39.9928
60 <pt<80 	5<chiso range<12 	-5.56339	-9.65771	4.06223	0.0310847	0.117227	192.827	39.9928
60 <pt<80 	5<chiso range<13 	-5.56339	-9.65771	4.06223	0.0208096	0.117227	287.733	39.9928
60 <pt<80 	6<chiso range<11 	-5.56339	-9.65771	4.06223	0.000727143	0.117227	8217.36	39.9928
60 <pt<80 	6<chiso range<12 	-5.56339	-9.65771	4.06223	0.000806356	0.117227	7410.13	39.9928
60 <pt<80 	6<chiso range<13 	-5.56339	-9.65771	4.06223	0.000427098	0.117227	13989.7	39.9928
60 <pt<80 	7<chiso range<12 	-5.56339	-9.65771	4.06223	0.000527573	0.117227	11325.6	39.9928
60 <pt<80 	7<chiso range<13 	-5.56339	-9.65771	4.06223	0.000285672	0.117227	20915.3	39.9928
60 <pt<80 	8<chiso range<13 	-5.56339	-9.65771	4.06223	0.000446995	0.117227	13367	39.9928
#######################################################################################
80 <pt<120 	3<chiso range<8 	3.24722	0	3.21513	0.0680255	3.1257	0.0244577	0.0320825
80 <pt<120 	3<chiso range<9 	3.24722	0	3.21513	0.00301097	3.16879	0.00226936	0.0183701
80 <pt<120 	3<chiso range<10 	3.24722	0	3.21513	0.00322861	3.20663	0.0010643	0.00370773
80 <pt<120 	3<chiso range<11 	3.24722	0	3.21513	0.00243513	3.20636	0.000878728	0.00366018
80 <pt<120 	3<chiso range<12 	3.24722	0	3.21513	0.00243513	3.20636	0.000878728	0.00366018
80 <pt<120 	3<chiso range<13 	3.24722	0	3.21513	0.00175663	3.20604	0.000810953	0.00369954
80 <pt<120 	4<chiso range<9 	3.24722	0	3.21513	1.50168e-05	3.20825	8.62836e-06	0.00428082
80 <pt<120 	4<chiso range<10 	3.24722	0	3.21513	7.26562e-05	3.2044	4.47685e-05	0.00667629
80 <pt<120 	4<chiso range<11 	3.24722	0	3.21513	0.00754674	3.20745	0.00249	0.00413352
80 <pt<120 	4<chiso range<12 	3.24722	0	3.21513	0.00754674	3.20745	0.00249	0.00413352
80 <pt<120 	4<chiso range<13 	3.24722	0	3.21513	0.00692055	3.20751	0.0021983	0.00405889
80 <pt<120 	5<chiso range<10 	3.24722	0	3.21513	7.28384e-06	3.19315	4.11945e-06	0.00735979
80 <pt<120 	5<chiso range<11 	3.24722	0	3.21513	8.6427e-06	3.1942	4.98081e-06	0.00745872
80 <pt<120 	5<chiso range<12 	3.24722	0	3.21513	8.6427e-06	3.1942	4.98081e-06	0.00745872
80 <pt<120 	5<chiso range<13 	3.24722	0	3.21513	0.0075223	3.20745	0.0024809	0.00412806
80 <pt<120 	6<chiso range<11 	3.24722	0	3.21513	8.06603e-05	3.19558	4.98445e-05	0.00663063
80 <pt<120 	6<chiso range<12 	3.24722	0	3.21513	8.06603e-05	3.19558	4.98445e-05	0.00663063
80 <pt<120 	6<chiso range<13 	3.24722	0	3.21513	8.62989e-06	3.1942	4.97449e-06	0.00746029
80 <pt<120 	7<chiso range<12 	3.24722	0	3.21513	8.06603e-05	3.19558	4.98445e-05	0.00663063
80 <pt<120 	7<chiso range<13 	3.24722	0	3.21513	8.62989e-06	3.1942	4.97449e-06	0.00746029
80 <pt<120 	8<chiso range<13 	3.24722	0	3.21513	8.61664e-06	3.19421	4.96794e-06	0.00745827
#######################################################################################
120 <pt<400 	3<chiso range<8 	2.99694	0.00641743	2.95844	5.84525e-09	2.96394	0.00233484	0.00233416
120 <pt<400 	3<chiso range<9 	2.99694	0.00641743	2.95844	7.78921e-05	2.95173	0.00249717	0.0037198
120 <pt<400 	3<chiso range<10 	2.99694	0.00641743	2.95844	7.78921e-05	2.95173	0.00249717	0.0037198
120 <pt<400 	3<chiso range<11 	2.99694	0.00641743	2.95844	5.88379e-05	2.95426	0.00242567	0.0017609
120 <pt<400 	3<chiso range<12 	2.99694	0.00641743	2.95844	3.00841e-07	2.9594	0.00242341	0.000466994
120 <pt<400 	3<chiso range<13 	2.99694	0.00641743	2.95844	7.3705e-05	2.95189	0.00242996	0.00357666
120 <pt<400 	4<chiso range<9 	2.99694	0.00641743	2.95844	0.00102067	2.95537	0.00282012	0.00109416
120 <pt<400 	4<chiso range<10 	2.99694	0.00641743	2.95844	0.00102067	2.95537	0.00282012	0.00109416
120 <pt<400 	4<chiso range<11 	2.99694	0.00641743	2.95844	0.00600744	2.92808	0.000286855	0.0146548
120 <pt<400 	4<chiso range<12 	2.99694	0.00641743	2.95844	0.00430785	2.92981	0.00158268	0.0139119
120 <pt<400 	4<chiso range<13 	2.99694	0.00641743	2.95844	0.0146229	2.92834	0.00507761	0.0181034
120 <pt<400 	5<chiso range<10 	2.99694	0.00641743	2.95844	0.000549055	2.93951	0.00287633	0.0106515
120 <pt<400 	5<chiso range<11 	2.99694	0.00641743	2.95844	0.000738253	2.9354	0.00340423	0.0115048
120 <pt<400 	5<chiso range<12 	2.99694	0.00641743	2.95844	0.00102067	2.95537	0.00282012	0.00109416
120 <pt<400 	5<chiso range<13 	2.99694	0.00641743	2.95844	0.000172684	2.95661	0.00500068	0.000622443
120 <pt<400 	6<chiso range<11 	2.99694	0.00641743	2.95844	5.55862e-05	2.95425	0.00267347	0.00176818
120 <pt<400 	6<chiso range<12 	2.99694	0.00641743	2.95844	3.84148e-09	2.9532	0.00257066	0.00250092
120 <pt<400 	6<chiso range<13 	2.99694	0.00641743	2.95844	0.000549055	2.93951	0.00287633	0.0106515
120 <pt<400 	7<chiso range<12 	2.99694	0.00641743	2.95844	2.95181e-07	2.96322	0.00262409	0.00198988
120 <pt<400 	7<chiso range<13 	2.99694	0.00641743	2.95844	0.000279353	2.94989	0.00287817	0.00538501
120 <pt<400 	8<chiso range<13 	2.99694	0.00641743	2.95844	4.12787e-05	2.94807	0.00297842	0.00699046
#######################################################################################
