pt range	chiso range	DataNumber	FakeNumber	TrueNumber	fitFake_number	fitTrue_number	closureFake_test	closureTrue_test
#######################################################################################
20 <pt<25 	3<chiso range<8 	74.2747	32.3936	21.1711	25.8918	2.01047e-296	1.41332	inf
20 <pt<25 	3<chiso range<9 	74.2747	32.3936	21.1711	27.1046	2.01047e-296	1.14143	inf
20 <pt<25 	3<chiso range<10 	74.2747	32.3936	21.1711	26.9585	2.01047e-296	1.21409	inf
20 <pt<25 	3<chiso range<11 	74.2747	32.3936	21.1711	27.92	2.01047e-296	0.984535	inf
20 <pt<25 	3<chiso range<12 	74.2747	32.3936	21.1711	27.9342	2.01047e-296	0.99942	inf
20 <pt<25 	3<chiso range<13 	74.2747	32.3936	21.1711	27.0728	2.01047e-296	1.25068	inf
20 <pt<25 	4<chiso range<9 	74.2747	32.3936	21.1711	28.1498	2.01047e-296	0.823709	inf
20 <pt<25 	4<chiso range<10 	74.2747	32.3936	21.1711	27.8812	2.01047e-296	0.920212	inf
20 <pt<25 	4<chiso range<11 	74.2747	32.3936	21.1711	28.8031	2.01047e-296	0.729965	inf
20 <pt<25 	4<chiso range<12 	74.2747	32.3936	21.1711	28.7677	2.01047e-296	0.755786	inf
20 <pt<25 	4<chiso range<13 	74.2747	32.3936	21.1711	27.7103	2.01047e-296	1.03368	inf
20 <pt<25 	5<chiso range<10 	74.2747	32.3936	21.1711	25.3645	2.01047e-296	1.47467	inf
20 <pt<25 	5<chiso range<11 	74.2747	32.3936	21.1711	26.7314	2.01047e-296	1.1717	inf
20 <pt<25 	5<chiso range<12 	74.2747	32.3936	21.1711	26.9831	2.01047e-296	1.14305	inf
20 <pt<25 	5<chiso range<13 	74.2747	32.3936	21.1711	25.9286	2.01047e-296	1.4577	inf
20 <pt<25 	6<chiso range<11 	74.2747	32.3936	21.1711	29.1651	2.01047e-296	0.57047	inf
20 <pt<25 	6<chiso range<12 	74.2747	32.3936	21.1711	29.1855	2.01047e-296	0.589436	inf
20 <pt<25 	6<chiso range<13 	74.2747	32.3936	21.1711	27.678	2.01047e-296	0.943148	inf
20 <pt<25 	7<chiso range<12 	74.2747	32.3936	21.1711	31.8114	2.01047e-296	0.0900792	inf
20 <pt<25 	7<chiso range<13 	74.2747	32.3936	21.1711	29.4091	2.01047e-296	0.522899	inf
20 <pt<25 	8<chiso range<13 	74.2747	32.3936	21.1711	28.7263	2.01047e-296	0.611417	inf
#######################################################################################
25 <pt<30 	3<chiso range<8 	42.8115	14.5676	13.6114	13.626	2.01047e-296	0.281769	inf
25 <pt<30 	3<chiso range<9 	42.8115	14.5676	13.6114	13.5857	2.01047e-296	0.306919	inf
25 <pt<30 	3<chiso range<10 	42.8115	14.5676	13.6114	14.235	2.01047e-296	0.101802	inf
25 <pt<30 	3<chiso range<11 	42.8115	14.5676	13.6114	13.9615	2.01047e-296	0.191978	inf
25 <pt<30 	3<chiso range<12 	42.8115	14.5676	13.6114	13.5142	2.01047e-296	0.351021	inf
25 <pt<30 	3<chiso range<13 	42.8115	14.5676	13.6114	13.9716	2.01047e-296	0.194593	inf
25 <pt<30 	4<chiso range<9 	42.8115	14.5676	13.6114	13.2562	2.01047e-296	0.397432	inf
25 <pt<30 	4<chiso range<10 	42.8115	14.5676	13.6114	14.1135	2.01047e-296	0.133726	inf
25 <pt<30 	4<chiso range<11 	42.8115	14.5676	13.6114	13.7835	2.01047e-296	0.24121	inf
25 <pt<30 	4<chiso range<12 	42.8115	14.5676	13.6114	13.2678	2.01047e-296	0.425547	inf
25 <pt<30 	4<chiso range<13 	42.8115	14.5676	13.6114	13.7994	2.01047e-296	0.245933	inf
25 <pt<30 	5<chiso range<10 	42.8115	14.5676	13.6114	12.1811	2.01047e-296	0.778683	inf
25 <pt<30 	5<chiso range<11 	42.8115	14.5676	13.6114	12.0211	2.01047e-296	0.862358	inf
25 <pt<30 	5<chiso range<12 	42.8115	14.5676	13.6114	12.4338	2.01047e-296	0.718846	inf
25 <pt<30 	5<chiso range<13 	42.8115	14.5676	13.6114	13.0806	2.01047e-296	0.486695	inf
25 <pt<30 	6<chiso range<11 	42.8115	14.5676	13.6114	12.5929	2.01047e-296	0.601485	inf
25 <pt<30 	6<chiso range<12 	42.8115	14.5676	13.6114	12.1022	2.01047e-296	0.814411	inf
25 <pt<30 	6<chiso range<13 	42.8115	14.5676	13.6114	12.9087	2.01047e-296	0.528278	inf
25 <pt<30 	7<chiso range<12 	42.8115	14.5676	13.6114	12.8233	2.01047e-296	0.510129	inf
25 <pt<30 	7<chiso range<13 	42.8115	14.5676	13.6114	13.7137	2.01047e-296	0.24271	inf
25 <pt<30 	8<chiso range<13 	42.8115	14.5676	13.6114	14	2.01047e-296	0.14847	inf
#######################################################################################
30 <pt<35 	3<chiso range<8 	25.5028	7.60324	9.32453	4.1273	2.01047e-296	2.38908	inf
30 <pt<35 	3<chiso range<9 	25.5028	7.60324	9.32453	4.56563	2.01047e-296	1.92682	inf
30 <pt<35 	3<chiso range<10 	25.5028	7.60324	9.32453	4.30671	2.01047e-296	2.26393	inf
30 <pt<35 	3<chiso range<11 	25.5028	7.60324	9.32453	4.35552	2.01047e-296	2.23489	inf
30 <pt<35 	3<chiso range<12 	25.5028	7.60324	9.32453	4.01213	2.01047e-296	2.71474	inf
30 <pt<35 	3<chiso range<13 	25.5028	7.60324	9.32453	4.10665	2.01047e-296	2.60171	inf
30 <pt<35 	4<chiso range<9 	25.5028	7.60324	9.32453	5.36558	2.01047e-296	1.1568	inf
30 <pt<35 	4<chiso range<10 	25.5028	7.60324	9.32453	4.91482	2.01047e-296	1.56293	inf
30 <pt<35 	4<chiso range<11 	25.5028	7.60324	9.32453	4.90454	2.01047e-296	1.60234	inf
30 <pt<35 	4<chiso range<12 	25.5028	7.60324	9.32453	4.43411	2.01047e-296	2.11351	inf
30 <pt<35 	4<chiso range<13 	25.5028	7.60324	9.32453	4.50239	2.01047e-296	2.05909	inf
30 <pt<35 	5<chiso range<10 	25.5028	7.60324	9.32453	4.69468	2.01047e-296	1.57546	inf
30 <pt<35 	5<chiso range<11 	25.5028	7.60324	9.32453	4.82441	2.01047e-296	1.60877	inf
30 <pt<35 	5<chiso range<12 	25.5028	7.60324	9.32453	4.23997	2.01047e-296	2.1264	inf
30 <pt<35 	5<chiso range<13 	25.5028	7.60324	9.32453	4.28836	2.01047e-296	2.14637	inf
30 <pt<35 	6<chiso range<11 	25.5028	7.60324	9.32453	4.76255	2.01047e-296	1.63588	inf
30 <pt<35 	6<chiso range<12 	25.5028	7.60324	9.32453	4.20455	2.01047e-296	2.27003	inf
30 <pt<35 	6<chiso range<13 	25.5028	7.60324	9.32453	4.36884	2.01047e-296	2.11632	inf
30 <pt<35 	7<chiso range<12 	25.5028	7.60324	9.32453	3.29211	2.01047e-296	3.46651	inf
30 <pt<35 	7<chiso range<13 	25.5028	7.60324	9.32453	3.55919	2.01047e-296	3.09053	inf
30 <pt<35 	8<chiso range<13 	25.5028	7.60324	9.32453	4.05156	2.01047e-296	2.22967	inf
#######################################################################################
35 <pt<65 	3<chiso range<8 	51.9388	14.0564	23.0642	8.11766	2.01047e-296	2.59071	inf
35 <pt<65 	3<chiso range<9 	51.9388	14.0564	23.0642	8.47213	2.01047e-296	2.41416	inf
35 <pt<65 	3<chiso range<10 	51.9388	14.0564	23.0642	8.74847	2.01047e-296	2.26234	inf
35 <pt<65 	3<chiso range<11 	51.9388	14.0564	23.0642	8.44991	2.01047e-296	2.52039	inf
35 <pt<65 	3<chiso range<12 	51.9388	14.0564	23.0642	7.85976	2.01047e-296	3.03726	inf
35 <pt<65 	3<chiso range<13 	51.9388	14.0564	23.0642	7.84196	2.01047e-296	3.09018	inf
35 <pt<65 	4<chiso range<9 	51.9388	14.0564	23.0642	8.32143	2.01047e-296	2.45368	inf
35 <pt<65 	4<chiso range<10 	51.9388	14.0564	23.0642	8.63598	2.01047e-296	2.28693	inf
35 <pt<65 	4<chiso range<11 	51.9388	14.0564	23.0642	8.30821	2.01047e-296	2.5807	inf
35 <pt<65 	4<chiso range<12 	51.9388	14.0564	23.0642	7.68303	2.01047e-296	3.14697	inf
35 <pt<65 	4<chiso range<13 	51.9388	14.0564	23.0642	7.67818	2.01047e-296	3.19713	inf
35 <pt<65 	5<chiso range<10 	51.9388	14.0564	23.0642	9.38	2.01047e-296	1.73899	inf
35 <pt<65 	5<chiso range<11 	51.9388	14.0564	23.0642	8.85038	2.01047e-296	2.12164	inf
35 <pt<65 	5<chiso range<12 	51.9388	14.0564	23.0642	8.03686	2.01047e-296	2.76427	inf
35 <pt<65 	5<chiso range<13 	51.9388	14.0564	23.0642	7.99027	2.01047e-296	2.8556	inf
35 <pt<65 	6<chiso range<11 	51.9388	14.0564	23.0642	8.03816	2.01047e-296	2.61844	inf
35 <pt<65 	6<chiso range<12 	51.9388	14.0564	23.0642	7.25162	2.01047e-296	3.38017	inf
35 <pt<65 	6<chiso range<13 	51.9388	14.0564	23.0642	7.29494	2.01047e-296	3.41759	inf
35 <pt<65 	7<chiso range<12 	51.9388	14.0564	23.0642	7.15469	2.01047e-296	3.37203	inf
35 <pt<65 	7<chiso range<13 	51.9388	14.0564	23.0642	7.22045	2.01047e-296	3.40819	inf
35 <pt<65 	8<chiso range<13 	51.9388	14.0564	23.0642	7.60469	2.01047e-296	2.89478	inf
#######################################################################################
65 <pt<400 	3<chiso range<8 	18.4208	3.89746	11.6156	2.18356	2.01047e-296	1.17109	inf
65 <pt<400 	3<chiso range<9 	18.4208	3.89746	11.6156	2.30448	2.01047e-296	1.05702	inf
65 <pt<400 	3<chiso range<10 	18.4208	3.89746	11.6156	2.33034	2.01047e-296	1.04632	inf
65 <pt<400 	3<chiso range<11 	18.4208	3.89746	11.6156	2.29743	2.01047e-296	1.10678	inf
65 <pt<400 	3<chiso range<12 	18.4208	3.89746	11.6156	2.36643	2.01047e-296	1.0331	inf
65 <pt<400 	3<chiso range<13 	18.4208	3.89746	11.6156	2.41458	2.01047e-296	0.986121	inf
65 <pt<400 	4<chiso range<9 	18.4208	3.89746	11.6156	2.17682	2.01047e-296	1.1878	inf
65 <pt<400 	4<chiso range<10 	18.4208	3.89746	11.6156	2.22585	2.01047e-296	1.15224	inf
65 <pt<400 	4<chiso range<11 	18.4208	3.89746	11.6156	2.19856	2.01047e-296	1.21334	inf
65 <pt<400 	4<chiso range<12 	18.4208	3.89746	11.6156	2.27697	2.01047e-296	1.12417	inf
65 <pt<400 	4<chiso range<13 	18.4208	3.89746	11.6156	2.3326	2.01047e-296	1.06713	inf
65 <pt<400 	5<chiso range<10 	18.4208	3.89746	11.6156	2.2122	2.01047e-296	1.14907	inf
65 <pt<400 	5<chiso range<11 	18.4208	3.89746	11.6156	2.17139	2.01047e-296	1.23139	inf
65 <pt<400 	5<chiso range<12 	18.4208	3.89746	11.6156	2.27413	2.01047e-296	1.11367	inf
65 <pt<400 	5<chiso range<13 	18.4208	3.89746	11.6156	2.34212	2.01047e-296	1.0454	inf
65 <pt<400 	6<chiso range<11 	18.4208	3.89746	11.6156	2.19879	2.01047e-296	1.16252	inf
65 <pt<400 	6<chiso range<12 	18.4208	3.89746	11.6156	2.3288	2.01047e-296	1.0245	inf
65 <pt<400 	6<chiso range<13 	18.4208	3.89746	11.6156	2.40937	2.01047e-296	0.951464	inf
65 <pt<400 	7<chiso range<12 	18.4208	3.89746	11.6156	2.41601	2.01047e-296	0.913968	inf
65 <pt<400 	7<chiso range<13 	18.4208	3.89746	11.6156	2.53866	2.01047e-296	0.811389	inf
65 <pt<400 	8<chiso range<13 	18.4208	3.89746	11.6156	2.50491	2.01047e-296	0.79306	inf
#######################################################################################
